191 14 0
4000.0 -380000 -50000
-12910.708     0.000000    -0.000000
-12910.708     0.000000    -0.000000
-12910.708     0.000000    -0.000000
-12910.708     0.000000    -0.000000
-12910.708     0.000000    -0.000000
-12910.708     0.000000    -0.000000
-12910.708     0.000000    -0.000000
-12910.708     0.000000    -0.000000
-12910.708     0.000000    -0.000000
-12910.708     0.000000    -0.000000
-12910.708     0.000000    -0.000000
-12910.708     0.000000    -0.000000
-12910.708     0.000000    -0.000000
-12910.708     0.000000    -0.000000
-12910.708     0.000000    -0.000000
-12910.708     0.000000    -0.000000
-12910.708     0.000000    -0.000000
-12910.708     0.000000    -0.000000
-12910.708     0.000000    -0.000000
-12910.708     0.000000    -0.000000
-12910.708     0.000000    -0.000000
-12910.708     0.000000    -0.000000
-12910.708     0.000000    -0.000000
-12910.708     0.000000    -0.000000
-12910.708     0.000000    -0.000000
-12910.708     0.000000    -0.000000
-12910.708     0.000000    -0.000000
-12910.708     0.000000    -0.000000
-12910.708     0.000000    -0.000000
-12910.708     0.000000    -0.000000
-12910.708     0.000000    -0.000000
-12910.708     0.000000    -0.000000
-12910.708     0.000000    -0.000000
-12910.708     0.000000    -0.000000
-12910.708     0.000000    -0.000000
-12910.708     0.000000    -0.000000
-12910.708     0.000000    -0.000000
-12910.708     0.000000    -0.000000
-12910.708     0.000000    -0.000000
-12910.708     0.000000    -0.000000
-12910.708     0.000000    -0.000000
-12910.708     0.000000    -0.000000
-12910.708     0.000000    -0.000000
-12910.708     0.000000    -0.000000
-12910.708     0.000000    -0.000000
-12910.708     0.000000    -0.000000
-12910.708     0.000000    -0.000000
-12910.708     0.000000    -0.000000
-12910.708     0.000000    -0.000000
-12910.708     0.000000    -0.000000
-12910.708     0.000000    -0.000000
-12910.708     0.000000    -0.000000
-12910.708     0.000000    -0.000000
-12910.708     0.000000    -0.000000
-12910.708     0.000000    -0.000000
-12910.708     0.000000    -0.000000
-12910.708     0.000000    -0.000000
-12910.708     0.000000    -0.000000
-12910.708     0.000000    -0.000000
-12910.708     0.000000    -0.000000
-12910.708     0.000000    -0.000000
-12910.708     0.000000    -0.000000
-12910.708     0.000000    -0.000000
-12910.708     0.000000    -0.000000
-12910.708     0.000000    -0.000000
-12910.708     0.000000    -0.000000
-12910.708     0.000000    -0.000000
-12910.708     0.000000    -0.000000
-12910.708     0.000000    -0.000000
-12910.708     0.000000    -0.000000
-12910.708     0.000000    -0.000000
-12910.708     0.000000    -0.000000
-12910.708     0.000000    -0.000000
-12910.708     0.000000    -0.000000
-12910.708     0.000000    -0.000000
-12910.708     0.000000    -0.000000
-12910.708     0.000000    -0.000000
-12910.708     0.000000    -0.000000
-12910.708     0.000000    -0.000000
-12910.708     0.000000    -0.000000
-12910.708     0.000000    -0.000000
-12910.708     0.000000    -0.000000
-12910.708     0.000000    -0.000000
-12910.708     0.000000    -0.000000
-12910.708     0.000000    -0.000000
-12910.708     0.000000    -0.000000
-12910.708     0.000000    -0.000000
-12910.708     0.000000    -0.000000
-12910.708     0.000000    -0.000000
-12910.708     0.000000    -0.000000
-12910.708     0.000000    -0.000000
-12910.708     0.000000    -0.000000
-12910.708     0.000000    -0.000000
-12910.708     0.000000    -0.000000
-12910.708     0.000000    -0.000000
-12910.708     0.000000    -0.000000
-12910.708     0.000000    -0.000000
-12910.708     0.000000    -0.000000
-12910.708     0.000000    -0.000000
-12910.708     0.000000    -0.000000
-12910.708     0.000000    -0.000000
-12910.708     0.000000    -0.000000
-12910.708     0.000000    -0.000000
-12910.708     0.000000    -0.000000
-12910.708     0.000000    -0.000000
-12910.708     0.000000    -0.000000
-12910.708     0.000000    -0.000000
-12910.708     0.000000    -0.000000
-12910.708     0.000000    -0.000000
-12910.708     0.000000    -0.000000
-12910.708     0.000000    -0.000000
-12910.708     0.000000    -0.000000
-12910.708     0.000000    -0.000000
-12910.708     0.000000    -0.000000
-12910.708     0.000000    -0.000000
-12910.708     0.000000    -0.000000
-12910.708     0.000000    -0.000000
-12910.708     0.000000    -0.000000
-12910.708     0.000000    -0.000000
-12910.708     0.000000    -0.000000
-12910.708     0.000000    -0.000000
-12910.708     0.000000    -0.000000
-12910.708     0.000000    -0.000000
-12910.708     0.000000    -0.000000
-12910.708     0.000000    -0.000000
-12910.708     0.000000    -0.000000
-12910.708     0.000000    -0.000000
-12910.708     0.000000    -0.000000
-12910.708     0.000000    -0.000000
-12910.708     0.000000    -0.000000
-12910.708     0.000000    -0.000000
-12910.708     0.000000    -0.000000
-12910.708     0.000000    -0.000000
-12910.708     0.000000    -0.000000
-12910.708     0.000000    -0.000000
-12910.708     0.000000    -0.000000
-12910.708     0.000000    -0.000000
-12910.708     0.000000    -0.000000
-12910.708     0.000000    -0.000000
-12910.708     0.000000    -0.000000
-12910.708     0.000000    -0.000000
-12910.708     0.000000    -0.000000
-12910.708     0.000000    -0.000000
-12910.708     0.000000    -0.000000
-12910.708     0.000000    -0.000000
-12910.708     0.000000    -0.000000
-12910.708     0.000000    -0.000000
-12910.708     0.000000    -0.000000
-12910.708     0.000000    -0.000000
-12910.708     0.000000    -0.000000
-12910.708     0.000000    -0.000000
-12910.708     0.000000    -0.000000
-12910.708     0.000000    -0.000000
-12910.708     0.000000    -0.000000
-12910.708     0.000000    -0.000000
-12910.708     0.000000    -0.000000
-12910.708     0.000000    -0.000000
-12910.708     0.000000    -0.000000
-12910.708     0.000000    -0.000000
-12910.708     0.000000    -0.000000
-12910.708     0.000000    -0.000000
-12910.708     0.000000    -0.000000
-12910.708     0.000000    -0.000000
-12910.708     0.000000    -0.000000
-12910.708     0.000000    -0.000000
-12910.708     0.000000    -0.000000
-12910.708     0.000000    -0.000000
-12910.708     0.000000    -0.000000
-12910.708     0.000000    -0.000000
-12910.708     0.000000    -0.000000
-12910.708     0.000000    -0.000000
-12910.708     0.000000    -0.000000
-12910.708     0.000000    -0.000000
-12910.708     0.000000    -0.000000
-12910.708     0.000000    -0.000000
-12910.708     0.000000    -0.000000
-12910.708     0.000000    -0.000000
-12910.708     0.000000    -0.000000
-12910.708     0.000000    -0.000000
-12910.708     0.000000    -0.000000
-12910.708     0.000000    -0.000000
-12910.708     0.000000    -0.000000
-12910.708     0.000000    -0.000000
-12910.708     0.000000    -0.000000
-12910.708     0.000000    -0.000000
-12910.708     0.000000    -0.000000
-12910.708     0.000000    -0.000000
-12910.708     0.000000    -0.000000
-12910.708     0.000000    -0.000000
-12910.708     0.000000    -0.000000
-12910.708     0.000000    -0.000000
-12910.708     0.000000    -0.000000
-12910.708     0.000000    -0.000000
-12910.708     0.000000    -0.000000
-12910.708     0.000000    -0.000000
-12910.708     0.000000    -0.000000
-12910.708     0.000000    -0.000000
-12910.708     0.000000    -0.000000
-12910.708     0.000000    -0.000000
-12910.708     0.000000    -0.000000
-12910.708     0.000000    -0.000000
-12910.708     0.000000    -0.000000
-12910.708     0.000000    -0.000000
-12910.708     0.000000    -0.000000
-12910.708     0.000000    -0.000000
-12910.708     0.000000    -0.000000
-12910.708     0.000000    -0.000000
-12910.708     0.000000    -0.000000
-12910.708     0.000000    -0.000000
-12910.708     0.000000    -0.000000
-12910.708     0.000000    -0.000000
-12910.708     0.000000    -0.000000
-12910.708     0.000000    -0.000000
-12910.708     0.000000    -0.000000
-12910.708     0.000000    -0.000000
-12910.708     0.000000    -0.000000
-12910.708     0.000000    -0.000000
-12910.708     0.000000    -0.000000
-12910.708     0.000000    -0.000000
-12910.708     0.000000    -0.000000
-12910.708     0.000000    -0.000000
-12910.708     0.000000    -0.000000
-12910.708     0.000000    -0.000000
-12910.708     0.000000    -0.000000
-12910.708     0.000000    -0.000000
-12910.708     0.000000    -0.000000
-12910.708     0.000000    -0.000000
-12910.708     0.000000    -0.000000
-12910.708     0.000000    -0.000000
-12910.708     0.000000    -0.000000
-12910.708     0.000000    -0.000000
-12910.708     0.000000    -0.000000
-12910.708     0.000000    -0.000000
-12910.708     0.000000    -0.000000
-12910.708     0.000000    -0.000000
-12910.708     0.000000    -0.000000
-12910.708     0.000000    -0.000000
-12910.708     0.000000    -0.000000
-12910.708     0.000000    -0.000000
-12910.708     0.000000    -0.000000
-12910.708     0.000000    -0.000000
-12910.708     0.000000    -0.000000
-12910.708     0.000000    -0.000000
-12910.708     0.000000    -0.000000
-12910.708     0.000000    -0.000000
-12910.708     0.000000    -0.000000
-12910.708     0.000000    -0.000000
-12910.708     0.000000    -0.000000
-12910.708     0.000000    -0.000000
-12910.708     0.000000    -0.000000
-12910.708     0.000000    -0.000000
-12910.708     0.000000    -0.000000
-12910.708     0.000000    -0.000000
-12910.708     0.000000    -0.000000
-12910.708     0.000000    -0.000000
-12910.708     0.000000    -0.000000
-12910.708     0.000000    -0.000000
-12910.708     0.000000    -0.000000
-12910.708     0.000000    -0.000000
-12910.708     0.000000    -0.000000
-12910.708     0.000000    -0.000000
-12910.708     0.000000    -0.000000
-12910.708     0.000000    -0.000000
-12910.708     0.000000    -0.000000
-12910.708     0.000000    -0.000000
-12910.708     0.000000    -0.000000
-12910.708     0.000000    -0.000000
-12910.708     0.000000    -0.000000
-12910.708     0.000000    -0.000000
-12910.708     0.000000    -0.000000
-12910.708     0.000000    -0.000000
-12910.708     0.000000    -0.000000
-12910.708     0.000000    -0.000000
-12910.708     0.000000    -0.000000
-12910.708     0.000000    -0.000000
-12910.708     0.000000    -0.000000
-12910.708     0.000000    -0.000000
-12910.708     0.000000    -0.000000
-12910.708     0.000000    -0.000000
-12910.708     0.000000    -0.000000
-12910.708     0.000000    -0.000000
-12910.708     0.000000    -0.000000
-12910.708     0.000000    -0.000000
-12910.708     0.000000    -0.000000
-12910.708     0.000000    -0.000000
-12910.708     0.000000    -0.000000
-12910.708     0.000000    -0.000000
-12910.708     0.000000    -0.000000
-12910.708     0.000000    -0.000000
-12910.708     0.000000    -0.000000
-12910.708     0.000000    -0.000000
-12910.708     0.000000    -0.000000
-12910.708     0.000000    -0.000000
-12910.708     0.000000    -0.000000
-12910.708     0.000000    -0.000000
-12910.708     0.000000    -0.000000
-12910.708     0.000000    -0.000000
-12910.708     0.000000    -0.000000
-12910.708     0.000000    -0.000000
-12910.708     0.000000    -0.000000
-12910.708     0.000000    -0.000000
-12910.708     0.000000    -0.000000
-12910.708     0.000000    -0.000000
-12910.708     0.000000    -0.000000
-12910.708     0.000000    -0.000000
-12910.708     0.000000    -0.000000
-12910.708     0.000000    -0.000000
-12910.708     0.000000    -0.000000
-12910.708     0.000000    -0.000000
-12910.708     0.000000    -0.000000
-12910.708     0.000000    -0.000000
-12910.708     0.000000    -0.000000
-12910.708     0.000000    -0.000000
-12910.708     0.000000    -0.000000
-12910.708     0.000000    -0.000000
-12910.708     0.000000    -0.000000
-12910.708     0.000000    -0.000000
-12910.708     0.000000    -0.000000
-12910.708     0.000000    -0.000000
-12910.708     0.000000    -0.000000
-12910.708     0.000000    -0.000000
-12910.708     0.000000    -0.000000
-12910.708     0.000000    -0.000000
-12910.708     0.000000    -0.000000
-12910.708     0.000000    -0.000000
-12910.708     0.000000    -0.000000
-12910.708     0.000000    -0.000000
-12910.708     0.000000    -0.000000
-12910.708     0.000000    -0.000000
-12910.708     0.000000    -0.000000
-12910.708     0.000000    -0.000000
-12910.708     0.000000    -0.000000
-12910.708     0.000000    -0.000000
-12910.708     0.000000    -0.000000
-12910.708     0.000000    -0.000000
-12910.708     0.000000    -0.000000
-12910.708     0.000000    -0.000000
-12910.708     0.000000    -0.000000
-12910.708     0.000000    -0.000000
-12910.708     0.000000    -0.000000
-12910.708     0.000000    -0.000000
-12910.708     0.000000    -0.000000
-12910.708     0.000000    -0.000000
-12910.708     0.000000    -0.000000
-12910.708     0.000000    -0.000000
-12910.708     0.000000    -0.000000
-12910.708     0.000000    -0.000000
-12910.708     0.000000    -0.000000
-12910.708     0.000000    -0.000000
-12910.708     0.000000    -0.000000
-12910.708     0.000000    -0.000000
-12910.708     0.000000    -0.000000
-12910.708     0.000000    -0.000000
-12910.708     0.000000    -0.000000
-12910.708     0.000000    -0.000000
-12910.708     0.000000    -0.000000
-12910.708     0.000000    -0.000000
-12910.708     0.000000    -0.000000
-12910.708     0.000000    -0.000000
-12910.708     0.000000    -0.000000
-12910.708     0.000000    -0.000000
-12910.708     0.000000    -0.000000
-12910.708     0.000000    -0.000000
-12910.708     0.000000    -0.000000
-12910.708     0.000000    -0.000000
-12910.708     0.000000    -0.000000
-12910.708     0.000000    -0.000000
-12910.708     0.000000    -0.000000
-12910.708     0.000000    -0.000000
-12910.708     0.000000    -0.000000
-12910.708     0.000000    -0.000000
-12910.708     0.000000    -0.000000
-12910.708     0.000000    -0.000000
-12910.708     0.000000    -0.000000
-12910.708     0.000000    -0.000000
-12910.708     0.000000    -0.000000
-12910.708     0.000000    -0.000000
-12910.708     0.000000    -0.000000
-12910.708     0.000000    -0.000000
-12910.708     0.000000    -0.000000
-12910.708     0.000000    -0.000000
-12910.708     0.000000    -0.000000
-12910.708     0.000000    -0.000000
-12910.708     0.000000    -0.000000
-12910.708     0.000000    -0.000000
-12910.708     0.000000    -0.000000
-12910.708     0.000000    -0.000000
-12910.708     0.000000    -0.000000
-12910.708     0.000000    -0.000000
-12910.708     0.000000    -0.000000
-12910.708     0.000000    -0.000000
-12910.708     0.000000    -0.000000
-12910.708     0.000000    -0.000000
-12910.708     0.000000    -0.000000
-12910.708     0.000000    -0.000000
-12910.708     0.000000    -0.000000
-12910.708     0.000000    -0.000000
-12910.708     0.000000    -0.000000
-12910.708     0.000000    -0.000000
-12910.708     0.000000    -0.000000
-12910.708     0.000000    -0.000000
-12910.708     0.000000    -0.000000
-12910.708     0.000000    -0.000000
-12910.708     0.000000    -0.000000
-12910.708     0.000000    -0.000000
-12910.708     0.000000    -0.000000
-12910.708     0.000000    -0.000000
-12910.708     0.000000    -0.000000
-12910.708     0.000000    -0.000000
-12910.708     0.000000    -0.000000
-12910.708     0.000000    -0.000000
-12910.708     0.000000    -0.000000
-12910.708     0.000000    -0.000000
-12910.708     0.000000    -0.000000
-12910.708     0.000000    -0.000000
-12910.708     0.000000    -0.000000
-12910.708     0.000000    -0.000000
-12910.708     0.000000    -0.000000
-12910.708     0.000000    -0.000000
-12910.708     0.000000    -0.000000
-12910.708     0.000000    -0.000000
-12910.708     0.000000    -0.000000
-12910.708     0.000000    -0.000000
-12910.708     0.000000    -0.000000
-12910.708     0.000000    -0.000000
-12910.708     0.000000    -0.000000
-12910.708     0.000000    -0.000000
-12910.708     0.000000    -0.000000
-12910.708     0.000000    -0.000000
-12910.708     0.000000    -0.000000
-12910.708     0.000000    -0.000000
-12910.708     0.000000    -0.000000
-12910.708     0.000000    -0.000000
-12910.708     0.000000    -0.000000
-12910.708     0.000000    -0.000000
-12910.708     0.000000    -0.000000
-12910.708     0.000000    -0.000000
-12910.708     0.000000    -0.000000
-12910.708     0.000000    -0.000000
-12910.708     0.000000    -0.000000
-12910.708     0.000000    -0.000000
-12910.708     0.000000    -0.000000
-12910.708     0.000000    -0.000000
-12910.708     0.000000    -0.000000
-12910.708     0.000000    -0.000000
-12910.708     0.000000    -0.000000
-12910.708     0.000000    -0.000000
-12910.708     0.000000    -0.000000
-12910.708     0.000000    -0.000000
-12910.708     0.000000    -0.000000
-12910.708     0.000000    -0.000000
-12910.708     0.000000    -0.000000
-12910.708     0.000000    -0.000000
-12910.708     0.000000    -0.000000
-12910.708     0.000000    -0.000000
-12910.708     0.000000    -0.000000
-12910.708     0.000000    -0.000000
-12910.708     0.000000    -0.000000
-12910.708     0.000000    -0.000000
-12910.708     0.000000    -0.000000
-12910.708     0.000000    -0.000000
-12910.708     0.000000    -0.000000
-12910.708     0.000000    -0.000000
-12910.708     0.000000    -0.000000
-12910.708     0.000000    -0.000000
-12910.708     0.000000    -0.000000
-12910.708     0.000000    -0.000000
-12910.708     0.000000    -0.000000
-12910.708     0.000000    -0.000000
-12910.708     0.000000    -0.000000
-12910.708     0.000000    -0.000000
-12910.708     0.000000    -0.000000
-12910.708     0.000000    -0.000000
-12910.708     0.000000    -0.000000
-12910.708     0.000000    -0.000000
-12910.708     0.000000    -0.000000
-12910.708     0.000000    -0.000000
-12910.708     0.000000    -0.000000
-12910.708     0.000000    -0.000000
-12910.708     0.000000    -0.000000
-12910.708     0.000000    -0.000000
-12910.708     0.000000    -0.000000
-12910.708     0.000000    -0.000000
-12910.708     0.000000    -0.000000
-12910.708     0.000000    -0.000000
-12910.708     0.000000    -0.000000
-12910.708     0.000000    -0.000000
-12910.708     0.000000    -0.000000
-12910.708     0.000000    -0.000000
-12910.708     0.000000    -0.000000
-12910.708     0.000000    -0.000000
-12910.708     0.000000    -0.000000
-12910.708     0.000000    -0.000000
-12910.708     0.000000    -0.000000
-12910.708     0.000000    -0.000000
-12910.708     0.000000    -0.000000
-12910.708     0.000000    -0.000000
-12910.708     0.000000    -0.000000
-12910.708     0.000000    -0.000000
-12910.708     0.000000    -0.000000
-12910.708     0.000000    -0.000000
-12910.708     0.000000    -0.000000
-12910.708     0.000000    -0.000000
-12910.708     0.000000    -0.000000
-12910.708     0.000000    -0.000000
-12910.708     0.000000    -0.000000
-12910.708     0.000000    -0.000000
-12910.708     0.000000    -0.000000
-12910.708     0.000000    -0.000000
-12910.708     0.000000    -0.000000
-12910.708     0.000000    -0.000000
-12910.708     0.000000    -0.000000
-12910.708     0.000000    -0.000000
-12910.708     0.000000    -0.000000
-12910.708     0.000000    -0.000000
-12910.708     0.000000    -0.000000
-12910.708     0.000000    -0.000000
-12910.708     0.000000    -0.000000
-12910.708     0.000000    -0.000000
-12910.708     0.000000    -0.000000
-12910.708     0.000000    -0.000000
-12910.708     0.000000    -0.000000
-12910.708     0.000000    -0.000000
-12910.708     0.000000    -0.000000
-12910.708     0.000000    -0.000000
-12910.708     0.000000    -0.000000
-12910.708     0.000000    -0.000000
-12910.708     0.000000    -0.000000
-12910.708     0.000000    -0.000000
-12910.708     0.000000    -0.000000
-12910.708     0.000000    -0.000000
-12910.708     0.000000    -0.000000
-12910.708     0.000000    -0.000000
-12910.708     0.000000    -0.000000
-12910.708     0.000000    -0.000000
-12910.708     0.000000    -0.000000
-12910.708     0.000000    -0.000000
-12910.708     0.000000    -0.000000
-12910.708     0.000000    -0.000000
-12910.708     0.000000    -0.000000
-12910.708     0.000000    -0.000000
-12910.708     0.000000    -0.000000
-12910.708     0.000000    -0.000000
-12910.708     0.000000    -0.000000
-12910.708     0.000000    -0.000000
-12910.708     0.000000    -0.000000
-12910.708     0.000000    -0.000000
-12910.708     0.000000    -0.000000
-12910.708     0.000000    -0.000000
-12910.708     0.000000    -0.000000
-12910.708     0.000000    -0.000000
-12910.708     0.000000    -0.000000
-12910.708     0.000000    -0.000000
-12910.708     0.000000    -0.000000
-12910.708     0.000000    -0.000000
-12910.708     0.000000    -0.000000
-12910.708     0.000000    -0.000000
-12910.708     0.000000    -0.000000
-12910.708     0.000000    -0.000000
-12910.708     0.000000    -0.000000
-12910.708     0.000000    -0.000000
-12910.708     0.000000    -0.000000
-12910.708     0.000000    -0.000000
-12910.708     0.000000    -0.000000
-12910.708     0.000000    -0.000000
-12910.708     0.000000    -0.000000
-12910.708     0.000000    -0.000000
-12910.708     0.000000    -0.000000
-12910.708     0.000000    -0.000000
-12910.708     0.000000    -0.000000
-12910.708     0.000000    -0.000000
-12910.708     0.000000    -0.000000
-12910.708     0.000000    -0.000000
-12910.708     0.000000    -0.000000
-12910.708     0.000000    -0.000000
-12910.708     0.000000    -0.000000
-12910.708     0.000000    -0.000000
-12910.708     0.000000    -0.000000
-12910.708     0.000000    -0.000000
-12910.708     0.000000    -0.000000
-12910.708     0.000000    -0.000000
-12910.708     0.000000    -0.000000
-12910.708     0.000000    -0.000000
-12910.708     0.000000    -0.000000
-12910.708     0.000000    -0.000000
-12910.708     0.000000    -0.000000
-12910.708     0.000000    -0.000000
-12910.708     0.000000    -0.000000
-12910.708     0.000000    -0.000000
-12910.708     0.000000    -0.000000
-12910.708     0.000000    -0.000000
-12910.708     0.000000    -0.000000
-12910.708     0.000000    -0.000000
-12910.708     0.000000    -0.000000
-12910.708     0.000000    -0.000000
-12910.708     0.000000    -0.000000
-12910.708     0.000000    -0.000000
-12910.708     0.000000    -0.000000
-12910.708     0.000000    -0.000000
-12910.708     0.000000    -0.000000
-12910.708     0.000000    -0.000000
-12910.708     0.000000    -0.000000
-12910.708     0.000000    -0.000000
-12910.708     0.000000    -0.000000
-12910.708     0.000000    -0.000000
-12910.708     0.000000    -0.000000
-12910.708     0.000000    -0.000000
-12910.708     0.000000    -0.000000
-12910.708     0.000000    -0.000000
-12910.708     0.000000    -0.000000
-12910.708     0.000000    -0.000000
-12910.708     0.000000    -0.000000
-12910.708     0.000000    -0.000000
-12910.708     0.000000    -0.000000
-12910.708     0.000000    -0.000000
-12910.708     0.000000    -0.000000
-12910.708     0.000000    -0.000000
-12910.708     0.000000    -0.000000
-12910.708     0.000000    -0.000000
-12910.708     0.000000    -0.000000
-12910.708     0.000000    -0.000000
-12910.708     0.000000    -0.000000
-12910.708     0.000000    -0.000000
-12910.708     0.000000    -0.000000
-12910.708     0.000000    -0.000000
-12910.708     0.000000    -0.000000
-12910.708     0.000000    -0.000000
-12910.708     0.000000    -0.000000
-12910.708     0.000000    -0.000000
-12910.708     0.000000    -0.000000
-12910.708     0.000000    -0.000000
-12910.708     0.000000    -0.000000
-12910.708     0.000000    -0.000000
-12910.708     0.000000    -0.000000
-12910.708     0.000000    -0.000000
-12910.708     0.000000    -0.000000
-12910.708     0.000000    -0.000000
-12910.708     0.000000    -0.000000
-12910.708     0.000000    -0.000000
-12910.708     0.000000    -0.000000
-12910.708     0.000000    -0.000000
-12910.708     0.000000    -0.000000
-12910.708     0.000000    -0.000000
-12910.708     0.000000    -0.000000
-12910.708     0.000000    -0.000000
-12910.708     0.000000    -0.000000
-12910.708     0.000000    -0.000000
-12910.708     0.000000    -0.000000
-12910.708     0.000000    -0.000000
-12910.708     0.000000    -0.000000
-12910.708     0.000000    -0.000000
-12910.708     0.000000    -0.000000
-12910.708     0.000000    -0.000000
-12910.708     0.000000    -0.000000
-12910.708     0.000000    -0.000000
-12910.708     0.000000    -0.000000
-12910.708     0.000000    -0.000000
-12910.708     0.000000    -0.000000
-12910.708     0.000000    -0.000000
-12910.708     0.000000    -0.000000
-12910.708     0.000000    -0.000000
-12910.708     0.000000    -0.000000
-12910.708     0.000000    -0.000000
-12910.708     0.000000    -0.000000
-12910.708     0.000000    -0.000000
-12910.708     0.000000    -0.000000
-12910.708     0.000000    -0.000000
-12910.708     0.000000    -0.000000
-12910.708     0.000000    -0.000000
-12910.708     0.000000    -0.000000
-12910.708     0.000000    -0.000000
-12910.708     0.000000    -0.000000
-12910.708     0.000000    -0.000000
-12910.708     0.000000    -0.000000
-12910.708     0.000000    -0.000000
-12910.708     0.000000    -0.000000
-12910.708     0.000000    -0.000000
-12910.708     0.000000    -0.000000
-12910.708     0.000000    -0.000000
-12910.708     0.000000    -0.000000
-12910.708     0.000000    -0.000000
-12910.708     0.000000    -0.000000
-12910.708     0.000000    -0.000000
-12910.708     0.000000    -0.000000
-12910.708     0.000000    -0.000000
-12910.708     0.000000    -0.000000
-12910.708     0.000000    -0.000000
-12910.708     0.000000    -0.000000
-12910.708     0.000000    -0.000000
-12910.708     0.000000    -0.000000
-12910.708     0.000000    -0.000000
-12910.708     0.000000    -0.000000
-12910.708     0.000000    -0.000000
-12910.708     0.000000    -0.000000
-12910.708     0.000000    -0.000000
-12910.708     0.000000    -0.000000
-12910.708     0.000000    -0.000000
-12910.708     0.000000    -0.000000
-12910.708     0.000000    -0.000000
-12910.708     0.000000    -0.000000
-12910.708     0.000000    -0.000000
-12910.708     0.000000    -0.000000
-12910.708     0.000000    -0.000000
-12910.708     0.000000    -0.000000
-12910.708     0.000000    -0.000000
-12910.708     0.000000    -0.000000
-12910.708     0.000000    -0.000000
-12910.708     0.000000    -0.000000
-12910.708     0.000000    -0.000000
-12910.708     0.000000    -0.000000
-12910.708     0.000000    -0.000000
-12910.708     0.000000    -0.000000
-12910.708     0.000000    -0.000000
-12910.708     0.000000    -0.000000
-12910.708     0.000000    -0.000000
-12910.708     0.000000    -0.000000
-12910.708     0.000000    -0.000000
-12910.708     0.000000    -0.000000
-12910.708     0.000000    -0.000000
-12910.708     0.000000    -0.000000
-12910.708     0.000000    -0.000000
-12910.708     0.000000    -0.000000
-12910.708     0.000000    -0.000000
-12910.708     0.000000    -0.000000
-12910.708     0.000000    -0.000000
-12910.708     0.000000    -0.000000
-12910.708     0.000000    -0.000000
-12910.708     0.000000    -0.000000
-12910.708     0.000000    -0.000000
-12910.708     0.000000    -0.000000
-12910.708     0.000000    -0.000000
-12910.708     0.000000    -0.000000
-12910.708     0.000000    -0.000000
-12910.708     0.000000    -0.000000
-12910.708     0.000000    -0.000000
-12910.708     0.000000    -0.000000
-12910.708     0.000000    -0.000000
-12910.708     0.000000    -0.000000
-12910.708     0.000000    -0.000000
-12910.708     0.000000    -0.000000
-12910.708     0.000000    -0.000000
-12910.708     0.000000    -0.000000
-12910.708     0.000000    -0.000000
-12910.708     0.000000    -0.000000
-12910.708     0.000000    -0.000000
-12910.708     0.000000    -0.000000
-12910.708     0.000000    -0.000000
-12910.708     0.000000    -0.000000
-12910.708     0.000000    -0.000000
-12910.708     0.000000    -0.000000
-12910.708     0.000000    -0.000000
-12910.708     0.000000    -0.000000
-12910.708     0.000000    -0.000000
-12910.708     0.000000    -0.000000
-12910.708     0.000000    -0.000000
-12910.708     0.000000    -0.000000
-12910.708     0.000000    -0.000000
-12910.708     0.000000    -0.000000
-12910.708     0.000000    -0.000000
-12910.708     0.000000    -0.000000
-12910.708     0.000000    -0.000000
-12910.708     0.000000    -0.000000
-12910.708     0.000000    -0.000000
-12910.708     0.000000    -0.000000
-12910.708     0.000000    -0.000000
-12910.708     0.000000    -0.000000
-12910.708     0.000000    -0.000000
-12910.708     0.000000    -0.000000
-12910.708     0.000000    -0.000000
-12910.708     0.000000    -0.000000
-12910.708     0.000000    -0.000000
-12910.708     0.000000    -0.000000
-12910.708     0.000000    -0.302093
-12910.708     0.000000    -0.272646
-12910.708     0.000000    -0.243684
-12910.708     0.000000    -0.226356
-12910.708     0.000000    -0.189794
-12910.708     0.000000    -0.158469
-12910.708     0.000000    -0.135197
-12910.708     0.000000    -0.120559
-12910.708     0.000000    -0.114761
-12910.708     0.000000    -0.105315
-12910.708     0.000000    -0.094623
-12910.708     0.000000    -0.097225
-12910.708     0.000000    -0.101302
-12910.708     0.000000    -0.094399
-12910.708     0.000000    -0.090269
-12910.708     0.000000    -0.086072
-12910.708     0.000000    -0.089402
-12910.708     0.000000    -0.088096
-12910.708     0.000000    -0.073810
-12910.708     0.000000    -0.077201
-12910.708     0.000000    -0.071996
-12910.708     0.000000    -0.061967
-12910.708     0.000000    -0.062099
-12910.708     0.000000    -0.050934
-12910.708     0.000000    -0.036415
-12910.708     0.000000    -0.021642
-12910.708     0.000000    -0.014842
-12910.708     0.000000    -0.006697
-12910.708     0.000000     0.006232
-12910.708     0.000000     0.018944
-12910.708     0.000000     0.027297
-12910.708     0.000000     0.036542
-12910.708     0.000000     0.042559
-12910.708     0.000000     0.039195
-12910.708     0.000000     0.027895
-12910.708     0.000000     0.041951
-12910.708     0.000000     0.049050
-12910.708     0.000000     0.044666
-12910.708     0.000000     0.042074
-12910.708     0.000000     0.039495
-12910.708     0.000000     0.034398
-12910.708     0.000000     0.028440
-12910.708     0.000000     0.022505
-12910.708     0.000000     0.016578
-12910.708     0.000000     0.010638
-12910.708     0.000000     0.004725
-12910.708     0.000000    -0.001228
-12910.708     0.000000    -0.007155
-12910.708     0.000000    -0.012915
-12910.708     0.000000    -0.016172
-12910.708     0.000000    -0.019202
-12910.708     0.000000    -0.022280
-12910.708     0.000000    -0.025330
-12910.708     0.000000    -0.028385
-12910.708     0.000000    -0.031430
-12910.708     0.000000    -0.035232
-12910.708     0.000000    -0.039810
-12910.708     0.000000    -0.044367
-12910.708     0.000000    -0.048914
-12910.708     0.000000    -0.053459
-12910.708     0.000000    -0.058009
-12910.708     0.000000    -0.062580
-12910.708     0.000000    -0.066741
-12910.708     0.000000    -0.069355
-12910.708     0.000000    -0.071943
-12910.708     0.000000    -0.074535
-12910.708     0.000000    -0.077111
-12910.708     0.000000    -0.079709
-12910.708     0.000000    -0.082284
-12910.708     0.000000    -0.084873
-12910.708     0.000000    -0.087454
-12910.708     0.000000    -0.090026
-12910.708     0.000000    -0.089409
-12910.708     0.000000    -0.088397
-12910.708     0.000000    -0.087372
-12910.708     0.000000    -0.086345
-12910.708     0.000000    -0.085336
-12910.708     0.000000    -0.084279
-12910.708     0.000000    -0.083261
-12910.708     0.000000    -0.082253
-12910.708     0.000000    -0.081215
-12910.708     0.000000    -0.080179
-12910.708     0.000000    -0.079407
-12910.708     0.000000    -0.082590
-12910.708     0.000000    -0.086022
-12910.708     0.000000    -0.089385
-12910.708     0.000000    -0.092754
-12910.708     0.000000    -0.096137
-12910.708     0.000000    -0.099520
-12910.708     0.000000    -0.101380
-12910.708     0.000000    -0.101356
-12910.708     0.000000    -0.101342
-12910.708     0.000000    -0.101335
-12910.708     0.000000    -0.101302
-12910.708     0.000000    -0.101279
-12910.708     0.000000    -0.101255
-12910.708     0.000000    -0.101247
-12910.708     0.000000    -0.101283
-12910.708     0.000000    -0.071596
-12910.708     0.000000     0.000641
-12910.708     0.000000     0.042091
-12910.708     0.000000     0.048973
-12910.708     0.000000     0.052323
-12910.708     0.000000     0.044982
-12910.708     0.000000     0.037612
-12910.708     0.000000     0.030216
-12910.708     0.000000     0.022996
-12910.708     0.000000     0.016406
-12910.708     0.000000     0.009805
-12910.708     0.000000     0.003210
-12910.708     0.000000    -0.003597
-12910.708     0.000000    -0.011030
-12910.708     0.000000    -0.018462
-12910.708     0.000000    -0.025921
-12910.708     0.000000    -0.033367
-12910.708     0.000000    -0.040811
-12910.708     0.000000    -0.048250
-12910.708     0.000000    -0.055709
-12910.708     0.000000    -0.063141
-12910.708     0.000000    -0.070625
-12910.708     0.000000    -0.071755
-12910.708     0.000000    -0.067735
-12910.708     0.000000    -0.063769
-12910.708     0.000000    -0.059775
-12910.708     0.000000    -0.055320
-12910.708     0.000000    -0.024227
-12910.708     0.000000     0.015024
-12910.708     0.000000     0.025653
-12910.708     0.000000     0.035638
-12910.708     0.000000     0.067652
-12910.708     0.000000     0.115177
-12910.708     0.000000     0.214021
-12910.708     0.000000     0.314134
-12910.708     0.000000     0.384137
-12910.708     0.000000     0.403628
-12910.708     0.000000     0.411268
-12910.708     0.000000     0.418952
-12910.708     0.000000     0.426624
-12910.708     0.000000     0.434313
-12910.708     0.000000     0.442154
-12910.708     0.000000     0.452012
-12910.708     0.000000     0.461912
-12910.708     0.000000     0.471821
-12910.708     0.000000     0.479303
-12910.708     0.000000     0.502869
-12910.708     0.000000     0.543125
-12910.708     0.000000     0.582800
-12910.708     0.000000     0.587522
-12910.708     0.000000     0.569766
-12910.708     0.000000     0.552247
-12910.708     0.000000     0.534741
-12910.708     0.000000     0.517216
-12910.708     0.000000     0.499626
-12910.708     0.000000     0.482119
-12910.708     0.000000     0.464090
-12910.708     0.000000     0.433821
-12910.708     0.000000     0.402521
-12910.708     0.000000     0.371210
-12910.708     0.000000     0.339907
-12910.708     0.000000     0.308640
-12910.708     0.000000     0.277273
-12910.708     0.000000     0.246010
-12910.708     0.000000     0.214654
-12910.708     0.000000     0.173060
-12910.708     0.000000     0.127914
-12910.708     0.000000     0.082832
-12910.708     0.000000     0.037655
-12910.708     0.000000     0.004149
-12910.708     0.000000    -0.011063
-12910.708     0.000000    -0.026402
-12910.708     0.000000    -0.045559
-12910.708     0.000000    -0.064800
-12910.708     0.000000    -0.083911
-12910.708     0.000000    -0.140027
-12910.708     0.000000    -0.240596
-12910.708     0.000000    -0.000000
-12910.708     0.000000    -0.000000
-12910.708     0.000000    -0.000000
-12910.708     0.000000    -0.000000
-12910.708     0.000000    -0.000000
-12910.708     0.000000    -0.000000
-12910.708     0.000000    -0.000000
-12910.708     0.000000    -0.000000
-12910.708     0.000000    -0.000000
-12910.708     0.000000    -0.000000
-12910.708     0.000000    -0.000000
-12910.708     0.000000    -0.000000
-12910.708     0.000000    -0.000000
-12910.708     0.000000    -0.000000
-12910.708     0.000000    -0.000000
-12910.708    -0.302093    -0.000000
-15327.454    -0.272646    -0.704884
-15091.873     0.058409    -0.636173
-14860.184     0.046290    -0.568597
-14721.554     0.053891    -0.528163
-14429.057     0.067887    -0.442852
-14178.459     0.054597    -0.369761
-13992.284     0.037910    -0.315460
-13875.181     0.020436    -0.281304
-13828.797     0.015244    -0.267776
-13753.232     0.020138    -0.245736
-13667.695     0.008090    -0.220788
-13688.508    -0.006678    -0.226858
-13721.121     0.002826    -0.236370
-13665.902     0.011032    -0.220265
-13632.863     0.008327    -0.210629
-13599.286     0.000867    -0.200835
-13625.924    -0.002023    -0.208605
-13615.473     0.015592    -0.205557
-13501.186     0.010895    -0.172223
-13528.313     0.001814    -0.180135
-13486.677     0.015233    -0.167991
-13406.446     0.009897    -0.144590
-13407.500     0.011033    -0.144897
-13318.182     0.025684    -0.118847
-13202.026     0.029293    -0.084968
-13083.841     0.021573    -0.050497
-13029.442     0.014945    -0.034631
-12964.281     0.021074    -0.015625
-12860.850     0.025640     0.014542
-12759.159     0.021065     0.044202
-12692.332     0.017598     0.063693
-12618.375     0.015262     0.085264
-12570.234     0.002653     0.099305
-12597.149    -0.014664     0.091455
-12687.547     0.002756     0.065089
-12575.099     0.021154     0.097886
-12518.311     0.002715     0.114449
-12553.382    -0.006976     0.104220
-12574.119    -0.005171     0.098172
-12594.748    -0.007676     0.092155
-12635.527    -0.011055     0.080261
-12683.190    -0.011893     0.066359
-12730.670    -0.011861     0.052511
-12778.081    -0.011867     0.038683
-12825.603    -0.011853     0.024822
-12872.906    -0.011867     0.011026
-12920.536    -0.011880    -0.002866
-12967.947    -0.011687    -0.016695
-13014.030    -0.009018    -0.030135
-13040.088    -0.006287    -0.037736
-13064.323    -0.006107    -0.044804
-13088.945    -0.006128    -0.051986
-13113.349    -0.006105    -0.059104
-13137.785    -0.006100    -0.066231
-13162.151    -0.006847    -0.073338
-13192.563    -0.008379    -0.082208
-13229.187    -0.009135    -0.092890
-13265.642    -0.009104    -0.103522
-13302.019    -0.009093    -0.114132
-13338.384    -0.009096    -0.124739
-13374.784    -0.009121    -0.135355
-13411.350    -0.008732    -0.146021
-13444.640    -0.006775    -0.155730
-13465.548    -0.005201    -0.161828
-13486.249    -0.005180    -0.167866
-13506.986    -0.005168    -0.173914
-13527.593    -0.005174    -0.179925
-13548.379    -0.005174    -0.185987
-13568.982    -0.005164    -0.191997
-13589.690    -0.005170    -0.198036
-13610.343    -0.005154    -0.204060
-13630.920    -0.001954    -0.210062
-13625.977     0.001630    -0.208620
-13617.880     0.002036    -0.206259
-13609.688     0.002051    -0.203869
-13601.470     0.002036    -0.201472
-13593.399     0.002067    -0.199118
-13584.937     0.002076    -0.196650
-13576.792     0.002025    -0.194275
-13568.734     0.002045    -0.191924
-13560.431     0.002074    -0.189503
-13552.140     0.001808    -0.187084
-13545.968    -0.002411    -0.185284
-13571.426    -0.006615    -0.192709
-13598.884    -0.006795    -0.200718
-13625.786    -0.006732    -0.208564
-13652.737    -0.006752    -0.216425
-13679.803    -0.006766    -0.224319
-13706.869    -0.005243    -0.232213
-13721.749    -0.001836    -0.236553
-13721.555     0.000038    -0.236497
-13721.446     0.000021    -0.236465
-13721.385     0.000040    -0.236447
-13721.128     0.000055    -0.236372
-13720.943     0.000047    -0.236319
-13720.749     0.000032    -0.236262
-13720.687    -0.000028    -0.236244
-13720.970     0.029651    -0.236326
-13483.479     0.101923    -0.167058
-12905.584     0.113687     0.001495
-12573.981     0.048332     0.098212
-12518.926     0.010232     0.114270
-12492.123    -0.003990     0.122087
-12550.848    -0.014711     0.104959
-12609.811    -0.014766     0.087762
-12668.977    -0.014617     0.070505
-12726.744    -0.013811     0.053656
-12779.461    -0.013190     0.038280
-12832.264    -0.013196     0.022879
-12885.028    -0.013403     0.007490
-12939.486    -0.014240    -0.008393
-12998.949    -0.014865    -0.025737
-13058.406    -0.014891    -0.043078
-13118.078    -0.014905    -0.060483
-13177.645    -0.014889    -0.077856
-13237.194    -0.014883    -0.095225
-13296.707    -0.014898    -0.112583
-13356.379    -0.014892    -0.129987
-13415.840    -0.014917    -0.147330
-13475.711    -0.008613    -0.164793
-13484.745     0.002890    -0.167427
-13452.591     0.007985    -0.158049
-13420.861     0.007961    -0.148795
-13388.906     0.008449    -0.139474
-13353.269     0.035548    -0.129080
-13104.522     0.070344    -0.056529
-12790.518     0.049880     0.035055
-12705.486     0.020614     0.059856
-12625.604     0.041999     0.083155
-12369.492     0.079539     0.157855
-11989.291     0.146369     0.268747
-11198.537     0.198956     0.499383
-10397.639     0.170115     0.732979
 -9837.614     0.089495     0.896319
 -9681.681     0.027131     0.941800
 -9620.565     0.015324     0.959625
 -9559.092     0.015356     0.977555
 -9497.717     0.015361     0.995456
 -9436.201     0.015530     1.013398
 -9373.474     0.017699     1.031693
 -9294.613     0.019758     1.054694
 -9215.412     0.019809     1.077795
 -9136.144     0.017391     1.100915
 -9076.287     0.031049     1.118373
 -8887.753     0.063822     1.173362
 -8565.709     0.079931     1.267291
 -8248.308     0.044397     1.359867
 -8210.535    -0.013034     1.370884
 -8352.580    -0.035274     1.329454
 -8492.731    -0.035025     1.288577
 -8632.779    -0.035032     1.247729
 -8772.984    -0.035115     1.206836
 -8913.699    -0.035097     1.165794
 -9053.757    -0.035536     1.124944
 -9197.987    -0.048298     1.082877
 -9440.142    -0.061569     1.012249
 -9690.538    -0.062611     0.939216
 -9941.028    -0.062614     0.866157
-10191.449    -0.062570     0.793117
-10441.587    -0.062634     0.720160
-10692.522    -0.062630     0.646971
-10942.628    -0.062619     0.574023
-11193.473    -0.072950     0.500860
-11526.226    -0.086740     0.403807
-11887.394    -0.090228     0.298467
-12248.052    -0.090260     0.193275
-12609.472    -0.078683     0.087861
-12877.518    -0.048718     0.009680
-12999.214    -0.030551    -0.025814
-13121.924    -0.034495    -0.061605
-13275.177    -0.038399    -0.106303
-13429.112    -0.038352    -0.151201
-13581.993    -0.075226    -0.195792
-14030.922    -0.156685    -0.326729
-14835.477     0.140027    -0.561391
-12910.708     0.240596    -0.000000
-12910.708     0.000000    -0.000000
-12910.708     0.000000    -0.000000
-12910.708     0.000000    -0.000000
-12910.708     0.000000    -0.000000
-12910.708     0.000000    -0.000000
-12910.708     0.000000    -0.000000
-12910.708     0.000000    -0.000000
-12910.708     0.000000    -0.000000
-12910.708     0.000000    -0.000000
-12910.708     0.000000    -0.000000
-12910.708     0.000000    -0.000000
-12910.708     0.000000    -0.000000
-12910.708     0.000000    -0.000000
-12910.708     0.000000    -0.000000
-12910.708    -0.704884    -0.000000
-18549.781    -0.636173    -0.805582
-18000.094     0.136287    -0.727055
-17459.485     0.108010    -0.649825
-17136.015     0.125746    -0.603615
-16453.521     0.158403    -0.506116
-15868.793     0.127392    -0.422584
-15434.385     0.088456    -0.360525
-15161.144     0.047684    -0.321491
-15052.914     0.035568    -0.306029
-14876.597     0.046988    -0.280841
-14677.011     0.018878    -0.252329
-14725.575    -0.015583    -0.259267
-14801.671     0.006593    -0.270138
-14672.828     0.025742    -0.251731
-14595.737     0.019430    -0.240718
-14517.389     0.002024    -0.229526
-14579.546    -0.004721    -0.238405
-14555.160     0.036382    -0.234922
-14288.489     0.025422    -0.196826
-14351.786     0.004232    -0.205868
-14254.634     0.035544    -0.191989
-14067.430     0.023093    -0.165246
-14069.888     0.025744    -0.165597
-13861.480     0.059930    -0.135825
-13590.450     0.068350    -0.097106
-13314.684     0.050337    -0.057711
-13187.755     0.034872    -0.039578
-13035.712     0.049173    -0.017858
-12794.371     0.059827     0.016620
-12557.094     0.049151     0.050516
-12401.164     0.041062     0.072792
-12228.597     0.035612     0.097444
-12116.269     0.006191     0.113491
-12179.070    -0.034216     0.104520
-12389.999     0.006431     0.074387
-12127.620     0.049360     0.111870
-11995.115     0.006334     0.130799
-12076.948    -0.016277     0.119109
-12125.334    -0.012065     0.112196
-12173.467    -0.017911     0.105320
-12268.620    -0.025796     0.091727
-12379.832    -0.027750     0.075839
-12490.619    -0.027677     0.060013
-12601.245    -0.027689     0.044209
-12712.129    -0.027657     0.028368
-12822.503    -0.027689     0.012601
-12933.639    -0.027720    -0.003276
-13044.265    -0.027269    -0.019080
-13151.792    -0.021041    -0.034441
-13212.594    -0.014669    -0.043127
-13269.142    -0.014250    -0.051205
-13326.594    -0.014299    -0.059412
-13383.537    -0.014245    -0.067547
-13440.554    -0.014234    -0.075692
-13497.409    -0.015977    -0.083814
-13568.371    -0.019552    -0.093952
-13653.826    -0.021315    -0.106160
-13738.887    -0.021243    -0.118311
-13823.767    -0.021216    -0.130437
-13908.618    -0.021223    -0.142558
-13993.552    -0.021282    -0.154692
-14078.873    -0.020375    -0.166881
-14156.549    -0.015808    -0.177977
-14205.334    -0.012136    -0.184947
-14253.637    -0.012086    -0.191847
-14302.023    -0.012059    -0.198759
-14350.106    -0.012073    -0.205628
-14398.608    -0.012072    -0.212557
-14446.681    -0.012049    -0.219425
-14495.000    -0.012063    -0.226327
-14543.189    -0.012025    -0.233212
-14591.203    -0.004560    -0.240071
-14579.668     0.003803    -0.238423
-14560.777     0.004751    -0.235724
-14541.661     0.004786    -0.232993
-14522.486     0.004751    -0.230254
-14503.653     0.004822    -0.227564
-14483.908     0.004844    -0.224743
-14464.905     0.004726    -0.222028
-14446.102     0.004772    -0.219342
-14426.729     0.004840    -0.216574
-14407.382     0.004219    -0.213810
-14392.980    -0.005625    -0.211753
-14452.383    -0.015434    -0.220239
-14516.451    -0.015855    -0.229392
-14579.222    -0.015707    -0.238359
-14642.110    -0.015755    -0.247343
-14705.263    -0.015788    -0.256365
-14768.416    -0.012234    -0.265387
-14803.136    -0.004284    -0.270347
-14802.685     0.000088    -0.270282
-14802.430     0.000050    -0.270246
-14802.287     0.000093    -0.270225
-14801.688     0.000129    -0.270140
-14801.256     0.000111    -0.270078
-14800.803     0.000075    -0.270014
-14800.658    -0.000065    -0.269993
-14801.320     0.069186    -0.270087
-14247.173     0.237821    -0.190924
-12898.752     0.265270     0.001708
-12125.011     0.112775     0.112242
-11996.551     0.023875     0.130594
-11934.010    -0.009311     0.139528
-12071.035    -0.034326     0.119953
-12208.614    -0.034454     0.100299
-12346.668    -0.034105     0.080577
-12481.457    -0.032225     0.061322
-12604.464    -0.030777     0.043749
-12727.672    -0.030791     0.026148
-12850.789    -0.031273     0.008560
-12977.856    -0.033227    -0.009593
-13116.604    -0.034685    -0.029414
-13255.336    -0.034746    -0.049233
-13394.572    -0.034778    -0.069123
-13533.560    -0.034742    -0.088979
-13672.508    -0.034726    -0.108829
-13811.372    -0.034762    -0.128666
-13950.607    -0.034747    -0.148557
-14089.348    -0.034805    -0.168377
-14229.049    -0.020097    -0.188334
-14250.127     0.006743    -0.191346
-14175.102     0.018633    -0.180628
-14101.065     0.018575    -0.170051
-14026.502     0.019714    -0.159399
-13943.349     0.082945    -0.147520
-13362.941     0.164136    -0.064605
-12630.264     0.116386     0.040063
-12431.856     0.048100     0.068407
-12245.466     0.097998     0.095035
-11647.870     0.185591     0.180405
-10760.734     0.341529     0.307139
 -8915.641     0.464232     0.570724
 -7046.880     0.396936     0.837690
 -5740.154     0.208821     1.024365
 -5376.311     0.063306     1.076342
 -5233.707     0.035755     1.096714
 -5090.271     0.035831     1.117205
 -4947.061     0.035843     1.137664
 -4803.525     0.036238     1.158169
 -4657.161     0.041297     1.179078
 -4473.153     0.046101     1.205365
 -4288.351     0.046220     1.231765
 -4103.391     0.040578     1.258188
 -3963.725     0.072447     1.278140
 -3523.812     0.148919     1.340985
 -2772.377     0.186505     1.448333
 -2031.774     0.103592     1.554133
 -1943.637    -0.030413     1.566724
 -2275.075    -0.082307     1.519376
 -2602.094    -0.081725     1.472659
 -2928.874    -0.081740     1.425976
 -3256.017    -0.081935     1.379242
 -3584.353    -0.081892     1.332336
 -3911.156    -0.082917     1.285650
 -4247.691    -0.112695     1.237574
 -4812.720    -0.143661     1.156856
 -5396.978    -0.146092     1.073390
 -5981.455    -0.146099     0.989893
 -6565.769    -0.145996     0.906420
 -7149.426    -0.146146     0.823040
 -7734.941    -0.146137     0.739395
 -8318.522    -0.146111     0.656027
 -8903.825    -0.170216     0.572412
 -9680.250    -0.202394     0.461494
-10522.976    -0.210533     0.341105
-11364.510    -0.210606     0.220885
-12207.823    -0.183594     0.100412
-12833.264    -0.113675     0.011063
-13117.221    -0.071285    -0.029502
-13403.545    -0.080489    -0.070405
-13761.136    -0.089597    -0.121490
-14120.318    -0.089488    -0.172801
-14477.040    -0.175528    -0.223762
-15524.540    -0.365599    -0.373405
-17401.836     0.326729    -0.641590
-12910.708     0.561391    -0.000000
-12910.708     0.000000    -0.000000
-12910.708     0.000000    -0.000000
-12910.708     0.000000    -0.000000
-12910.708     0.000000    -0.000000
-12910.708     0.000000    -0.000000
-12910.708     0.000000    -0.000000
-12910.708     0.000000    -0.000000
-12910.708     0.000000    -0.000000
-12910.708     0.000000    -0.000000
-12910.708     0.000000    -0.000000
-12910.708     0.000000    -0.000000
-12910.708     0.000000    -0.000000
-12910.708     0.000000    -0.000000
-12910.708     0.000000    -0.000000
-12910.708    -1.107675    -0.000000
-21772.109    -0.999701    -0.805582
-20908.314     0.214165    -0.727055
-20058.787     0.169730    -0.649825
-19550.475     0.197600    -0.603615
-18477.986     0.248918    -0.506116
-17559.128     0.200187    -0.422584
-16876.487     0.139003    -0.360525
-16447.108     0.074932    -0.321491
-16277.032     0.055893    -0.306029
-15999.963     0.073838    -0.280841
-15686.326     0.029665    -0.252329
-15762.642    -0.024487    -0.259267
-15882.221     0.010361    -0.270138
-15679.754     0.040451    -0.251731
-15558.611     0.030533    -0.240718
-15435.492     0.003180    -0.229526
-15533.168    -0.007419    -0.238405
-15494.848     0.057172    -0.234922
-15075.792     0.039949    -0.196826
-15175.259     0.006650    -0.205868
-15022.592     0.055856    -0.191989
-14728.414     0.036289    -0.165246
-14732.277     0.040454    -0.165597
-14404.779     0.094175    -0.135825
-13978.874     0.107406    -0.097106
-13545.528     0.079101    -0.057711
-13346.067     0.054798    -0.039578
-13107.142     0.077272    -0.017858
-12727.893     0.094014     0.016620
-12355.029     0.077237     0.050516
-12109.996     0.064526     0.072792
-11838.820     0.055962     0.097444
-11662.304     0.009729     0.113491
-11760.992    -0.053768     0.104520
-12092.450     0.010106     0.074387
-11680.140     0.077566     0.111870
-11471.918     0.009953     0.130799
-11600.513    -0.025579     0.119109
-11676.549    -0.018959     0.112196
-11752.186    -0.028145     0.105320
-11901.712    -0.040536     0.091727
-12076.475    -0.043607     0.075839
-12250.568    -0.043492     0.060013
-12424.408    -0.043511     0.044209
-12598.655    -0.043461     0.028368
-12772.100    -0.043511     0.012601
-12946.742    -0.043560    -0.003276
-13120.583    -0.042851    -0.019080
-13289.554    -0.033065    -0.034441
-13385.101    -0.023051    -0.043127
-13473.961    -0.022393    -0.051205
-13564.243    -0.022470    -0.059412
-13653.725    -0.022385    -0.067547
-13743.323    -0.022368    -0.075692
-13832.667    -0.025107    -0.083814
-13944.178    -0.030725    -0.093952
-14078.465    -0.033494    -0.106160
-14212.133    -0.033381    -0.118311
-14345.514    -0.033340    -0.130437
-14478.851    -0.033351    -0.142558
-14612.320    -0.033443    -0.154692
-14746.395    -0.032017    -0.166881
-14868.458    -0.024841    -0.177977
-14945.120    -0.019071    -0.184947
-15021.025    -0.018993    -0.191847
-15097.061    -0.018949    -0.198759
-15172.619    -0.018972    -0.205628
-15248.836    -0.018970    -0.212557
-15324.380    -0.018934    -0.219425
-15400.309    -0.018957    -0.226327
-15476.035    -0.018897    -0.233212
-15551.485    -0.007166    -0.240071
-15533.359     0.005977    -0.238423
-15503.673     0.007466    -0.235724
-15473.633     0.007521    -0.232993
-15443.502     0.007466    -0.230254
-15413.907     0.007578    -0.227564
-15382.880     0.007611    -0.224743
-15353.017     0.007426    -0.222028
-15323.470     0.007499    -0.219342
-15293.026     0.007606    -0.216574
-15262.623     0.006629    -0.213810
-15239.993    -0.008840    -0.211753
-15333.340    -0.024253    -0.220239
-15434.019    -0.024915    -0.229392
-15532.659    -0.024683    -0.238359
-15631.482    -0.024758    -0.247343
-15730.722    -0.024810    -0.256365
-15829.963    -0.019225    -0.265387
-15884.524    -0.006731    -0.270347
-15883.814     0.000139    -0.270282
-15883.415     0.000078    -0.270246
-15883.189     0.000146    -0.270225
-15882.248     0.000202    -0.270140
-15881.570     0.000174    -0.270078
-15880.857     0.000118    -0.270014
-15880.629    -0.000102    -0.269993
-15881.670     0.108720    -0.270087
-15010.868     0.373719    -0.190924
-12891.919     0.416853     0.001708
-11676.041     0.177218     0.112242
-11474.175     0.037518     0.130594
-11375.896    -0.014631     0.139528
-11591.222    -0.053940     0.119953
-11807.418    -0.054142     0.100299
-12024.360    -0.053594     0.080577
-12236.171    -0.050639     0.061322
-12429.468    -0.048364     0.043749
-12623.080    -0.048385     0.026148
-12816.549    -0.049143     0.008560
-13016.226    -0.052214    -0.009593
-13234.258    -0.054505    -0.029414
-13452.266    -0.054601    -0.049233
-13671.066    -0.054651    -0.069123
-13889.476    -0.054595    -0.088979
-14107.823    -0.054570    -0.108829
-14326.036    -0.054626    -0.128666
-14544.834    -0.054603    -0.148557
-14762.857    -0.054694    -0.168377
-14982.386    -0.031582    -0.188334
-15015.509     0.010597    -0.191346
-14897.613     0.029280    -0.180628
-14781.269     0.029189    -0.170051
-14664.098     0.030980    -0.159399
-14533.430     0.130342    -0.147520
-13621.360     0.257927    -0.064605
-12470.011     0.182892     0.040063
-12158.227     0.075585     0.068407
-11865.327     0.153997     0.095035
-10926.248     0.291644     0.180405
 -9532.177     0.536688     0.307139
 -6632.746     0.729507     0.570724
 -3696.121     0.623756     0.837690
 -1642.694     0.328148     1.024365
 -1070.941     0.099481     1.076342
  -846.849     0.056186     1.096714
  -621.450     0.056305     1.117205
  -396.406     0.056325     1.137664
  -170.849     0.056945     1.158169
    59.152     0.064895     1.179078
   348.308     0.072445     1.205365
   638.711     0.072632     1.231765
   929.362     0.063766     1.258188
  1148.837     0.113846     1.278140
  1840.129     0.234015     1.340985
  3020.955     0.293079     1.448333
  4184.759     0.162788     1.554133
  4323.261    -0.047791     1.566724
  3802.429    -0.129340     1.519376
  3288.543    -0.128425     1.472659
  2775.031    -0.128449     1.425976
  2260.949    -0.128755     1.379242
  1744.992    -0.128688     1.332336
  1231.445    -0.130298     1.285650
   702.604    -0.177093     1.237574
  -185.298    -0.225753     1.156856
 -1103.418    -0.229573     1.073390
 -2021.881    -0.229584     0.989893
 -2940.090    -0.229423     0.906420
 -3857.264    -0.229659     0.823040
 -4777.360    -0.229644     0.739395
 -5694.416    -0.229602     0.656027
 -6614.178    -0.267482     0.572412
 -7834.273    -0.318047     0.461494
 -9158.557    -0.330837     0.341105
-10480.969    -0.330952     0.220885
-11806.174    -0.288505     0.100412
-12789.011    -0.178632     0.011063
-13235.228    -0.112019    -0.029502
-13685.166    -0.126483    -0.070405
-14247.095    -0.140795    -0.121490
-14811.523    -0.140624    -0.172801
-15372.088    -0.275829    -0.223762
-17018.159    -0.574513    -0.373405
-19968.195     0.513431    -0.641590
-12910.708     0.882186    -0.000000
-12910.708     0.000000    -0.000000
-12910.708     0.000000    -0.000000
-12910.708     0.000000    -0.000000
-12910.708     0.000000    -0.000000
-12910.708     0.000000    -0.000000
-12910.708     0.000000    -0.000000
-12910.708     0.000000    -0.000000
-12910.708     0.000000    -0.000000
-12910.708     0.000000    -0.000000
-12910.708     0.000000    -0.000000
-12910.708     0.000000    -0.000000
-12910.708     0.000000    -0.000000
-12910.708     0.000000    -0.000000
-12910.708     0.000000    -0.000000
-12910.708    -1.510466    -0.000000
-24994.437    -1.363228     0.033954
-23816.534     0.292044     0.073391
-22658.088     0.231450     0.097203
-21964.936     0.269455     0.141273
-20502.450     0.339434     0.197104
-19249.462     0.272983     0.219621
-18318.588     0.189549     0.248506
-17733.071     0.102180     0.255114
-17501.150     0.076218     0.268144
-17123.328     0.100689     0.280760
-16695.642     0.040452     0.294343
-16799.709    -0.033391     0.287747
-16962.772     0.014129     0.284583
-16686.679     0.055161     0.293589
-16521.484     0.041636     0.299489
-16353.595     0.004337     0.305020
-16486.789    -0.010117     0.295799
-16434.535     0.077962     0.302209
-15863.096     0.054475     0.323350
-15998.732     0.009068     0.314806
-15790.550     0.076167     0.324734
-15389.398     0.049486     0.339180
-15394.665     0.055165     0.338994
-14948.077     0.128421     0.353858
-14367.298     0.146463     0.374301
-13776.371     0.107865     0.394037
-13504.379     0.074725     0.399969
-13178.573     0.105370     0.412352
-12661.415     0.128201     0.432150
-12152.964     0.105323     0.445668
-11818.828     0.087990     0.462141
-11449.042     0.076311     0.467420
-11208.339     0.013266     0.479931
-11342.913    -0.073320     0.467589
-11794.902     0.013781     0.453024
-11232.661     0.105772     0.481366
-10948.722     0.013573     0.483801
-11124.079    -0.034880     0.479263
-11227.763    -0.025853     0.475728
-11330.905    -0.038380     0.472368
-11534.804    -0.055277     0.465926
-11773.117    -0.059464     0.457928
-12010.516    -0.059307     0.450042
-12247.572    -0.059333     0.442081
-12485.181    -0.059266     0.434294
-12721.697    -0.059333     0.426263
-12959.845    -0.059400     0.418511
-13196.901    -0.058434     0.410525
-13427.316    -0.045088     0.402778
-13557.607    -0.031433     0.398333
-13678.780    -0.030535     0.394152
-13801.891    -0.030642     0.390031
-13923.913    -0.030525     0.386029
-14046.092    -0.030501     0.381834
-14167.924    -0.034237     0.377882
-14319.985    -0.041897     0.372904
-14503.104    -0.045674     0.366901
-14685.378    -0.045520     0.360792
-14867.262    -0.045463     0.354684
-15049.085    -0.045478     0.348632
-15231.088    -0.045604     0.342567
-15413.918    -0.043660     0.336472
-15580.367    -0.033874     0.330606
-15684.906    -0.026006     0.327235
-15788.413    -0.025899     0.323861
-15892.098    -0.025840     0.320463
-15995.132    -0.025871     0.316926
-16099.064    -0.025868     0.313573
-16202.079    -0.025819     0.310029
-16305.618    -0.025850     0.306584
-16408.881    -0.025769     0.303157
-16511.768    -0.009771     0.299774
-16487.050     0.008150     0.300062
-16446.569     0.010181     0.301550
-16405.606     0.010256     0.302914
-16364.518     0.010181     0.304287
-16324.162     0.010333     0.305629
-16281.851     0.010379     0.306930
-16241.129     0.010127     0.308284
-16200.838     0.010226     0.309623
-16159.323     0.010372     0.311085
-16117.865     0.009040     0.312461
-16087.005    -0.012054     0.313539
-16214.297    -0.033073     0.309638
-16351.587    -0.033975     0.305251
-16486.096    -0.033658     0.300716
-16620.854    -0.033761     0.296185
-16756.182    -0.033832     0.291673
-16891.510    -0.026216     0.287040
-16965.911    -0.009179     0.284225
-16964.943     0.000189     0.284429
-16964.399     0.000107     0.284478
-16964.091     0.000199     0.284590
-16962.808     0.000276     0.284450
-16961.883     0.000237     0.284511
-16960.912     0.000160     0.284612
-16960.600    -0.000139     0.284549
-16962.020     0.148255     0.283496
-15774.562     0.509617     0.283882
-12885.087     0.568436     0.376772
-11227.071     0.241661     0.343807
-10951.799     0.051161     0.352545
-10817.783    -0.019951     0.359178
-11111.409    -0.073555     0.349238
-11406.221    -0.073830     0.339227
-11702.051    -0.073083     0.329545
-11990.885    -0.069053     0.319952
-12254.471    -0.065950     0.310999
-12518.488    -0.065980     0.302197
-12782.309    -0.067014     0.293480
-13054.597    -0.071200     0.284624
-13351.912    -0.074325     0.274680
-13649.196    -0.074456     0.264724
-13947.559    -0.074524     0.254815
-14245.391    -0.074447     0.244993
-14543.137    -0.074414     0.235011
-14840.701    -0.074491     0.225057
-15139.062    -0.074458     0.215225
-15436.365    -0.074583     0.205245
-15735.724    -0.043066     0.195081
-15780.891     0.014450     0.191724
-15620.124     0.039927     0.197447
-15461.473     0.039804     0.202792
-15301.695     0.042245     0.207884
-15123.511     0.177740     0.210841
-13879.778     0.351719     0.236519
-12309.757     0.249398     0.254288
-11884.597     0.103071     0.265227
-11485.188     0.209996     0.278530
-10204.627     0.397696     0.341327
 -8303.620     0.731847     0.432937
 -4349.850     0.994782     0.571798
  -345.362     0.850577     0.706222
  2454.765     0.447474     0.752303
  3234.429     0.135655     0.768102
  3540.009     0.076618     0.777866
  3847.371     0.076780     0.788120
  4154.250     0.076807     0.798465
  4461.827     0.077652     0.808595
  4775.465     0.088493     0.820541
  5169.768     0.098788     0.833741
  5565.772     0.099043     0.846844
  5962.114     0.086953     0.860311
  6261.399     0.155244     0.850012
  7204.070     0.319111     0.837483
  8814.288     0.399653     0.868636
 10401.293     0.221984     0.882065
 10590.158    -0.065170     0.827556
  9879.933    -0.176372     0.804504
  9179.179    -0.175125     0.781093
  8478.936    -0.175158     0.757639
  7777.915    -0.175575     0.734182
  7074.338    -0.175484     0.710992
  6374.046    -0.177680     0.687388
  5652.900    -0.241490     0.664430
  4442.124    -0.307845     0.624940
  3190.142    -0.313054     0.583160
  1937.692    -0.313069     0.541448
   685.590    -0.312849     0.499761
  -565.103    -0.313171     0.457911
 -1819.779    -0.313151     0.416453
 -3070.309    -0.313094     0.374602
 -4324.531    -0.364748     0.333210
 -5988.297    -0.433701     0.279074
 -7794.138    -0.451141     0.218903
 -9597.427    -0.451298     0.158332
-11404.525    -0.393416     0.097642
-12744.757    -0.243589     0.048858
-13353.235    -0.152754     0.029591
-13966.787    -0.172477     0.008763
-14733.053    -0.191993    -0.015847
-15502.728    -0.191760    -0.041543
-16267.135    -0.376131    -0.067192
-18511.777    -0.783427    -0.063096
-22534.554     0.700134    -0.173749
-12910.708     1.202981    -0.000000
-12910.708     0.000000    -0.000000
-12910.708     0.000000    -0.000000
-12910.708     0.000000    -0.000000
-12910.708     0.000000    -0.000000
-12910.708     0.000000    -0.000000
-12910.708     0.000000    -0.000000
-12910.708     0.000000    -0.000000
-12910.708     0.000000    -0.000000
-12910.708     0.000000    -0.000000
-12910.708     0.000000    -0.000000
-12910.708     0.000000    -0.000000
-12910.708     0.000000    -0.000000
-12910.708     0.000000    -0.000000
-12910.708     0.000000    -0.000000
-12910.708    -1.073721    -0.000000
-21500.475    -0.926310     0.873544
-20321.185     0.277414     0.873832
-19281.163     0.237612     0.834767
-18420.292     0.297501     0.887755
-16901.155     0.327267     0.896046
-15802.158     0.251590     0.861885
-14888.438     0.174495     0.857225
-14406.198     0.094569     0.833201
-14131.882     0.081540     0.842338
-13753.882     0.100037     0.842342
-13331.583     0.036652     0.841914
-13460.667    -0.034247     0.834647
-13605.555     0.016203     0.839720
-13331.040     0.055357     0.839470
-13162.699     0.041963     0.839556
-12995.333    -0.000509     0.839599
-13166.773    -0.010230     0.830726
-13077.174     0.084722     0.840011
-12488.994     0.052546     0.844798
-12656.809     0.008035     0.834136
-12424.717     0.080229     0.841412
-12014.975     0.050549     0.840863
-12020.326     0.055133     0.843371
-11573.914     0.129482     0.844751
-10984.469     0.147585     0.845707
-10393.230     0.104769     0.845240
-10146.314     0.073113     0.839244
 -9808.326     0.109452     0.842718
 -9270.696     0.127330     0.848266
 -8789.683     0.107228     0.840964
 -8412.869     0.086277     0.852777
 -8099.463     0.073751     0.837054
 -7822.859     0.009898     0.846026
 -8020.279    -0.080675     0.830408
 -8468.257     0.023883     0.830814
 -7829.212     0.108344     0.850820
 -7601.507     0.007850     0.836320
 -7766.412    -0.033653     0.839266
 -7870.729    -0.025853     0.839276
 -7973.239    -0.037947     0.839426
 -8174.305    -0.054976     0.840033
 -8413.051    -0.059491     0.839913
 -8650.233    -0.059339     0.839939
 -8887.764    -0.059258     0.839973
 -9124.299    -0.059279     0.840063
 -9361.994    -0.059294     0.839935
 -9598.651    -0.059299     0.840119
 -9836.386    -0.058585     0.840077
-10067.332    -0.045256     0.839840
-10198.436    -0.031677     0.839538
-10320.745    -0.030695     0.839436
-10443.997    -0.030593     0.839529
-10565.490    -0.030582     0.839526
-10688.649    -0.030515     0.839478
-10809.611    -0.034037     0.839607
-10960.946    -0.041705     0.839836
-11143.254    -0.045607     0.839887
-11325.800    -0.045598     0.839862
-11508.041    -0.045499     0.839821
-11689.795    -0.045468     0.839769
-11871.782    -0.045602     0.839760
-12054.615    -0.043978     0.839755
-12223.606    -0.034078     0.839352
-12327.237    -0.025816     0.839330
-12430.135    -0.025765     0.839449
-12533.354    -0.025885     0.839476
-12637.211    -0.025862     0.839505
-12740.251    -0.025867     0.839650
-12844.148    -0.025923     0.839542
-12947.639    -0.025829     0.839554
-13050.783    -0.025707     0.839499
-13153.296    -0.010260     0.839297
-13132.865     0.007753     0.838617
-13091.274     0.010318     0.838822
-13050.317     0.010258     0.838797
-13009.209     0.010180     0.838749
-12968.876     0.010221     0.838870
-12927.437     0.010267     0.838590
-12886.743     0.010119     0.838703
-12846.487     0.010300     0.838747
-12804.346     0.010444     0.838718
-12762.935     0.009083     0.838639
-12731.678    -0.011662     0.838903
-12856.234    -0.032542     0.839472
-12992.014    -0.033837     0.839724
-13126.928    -0.033749     0.839664
-13262.003    -0.033801     0.839605
-13397.337    -0.033955     0.839557
-13533.643    -0.026673     0.839440
-13610.722    -0.009342     0.838845
-13608.380     0.000392     0.838961
-13607.588     0.000239     0.839054
-13606.472     0.000118     0.839196
-13606.647     0.000123     0.838999
-13605.484     0.000336     0.839041
-13603.959     0.000155     0.839088
-13604.241    -0.001218     0.838834
-13613.702     0.108054     0.838144
-12739.809     0.466995     0.752737
 -9877.743     0.476778     0.714013
 -8925.581     0.152991     0.574392
 -8653.814     0.052888     0.574479
 -8502.474    -0.017938     0.578885
 -8797.320    -0.073891     0.578531
 -9093.605    -0.073835     0.578543
 -9387.998    -0.072869     0.578711
 -9676.556    -0.069185     0.578544
 -9941.476    -0.066119     0.578325
-10205.505    -0.065904     0.578392
-10468.708    -0.066717     0.578525
-10739.238    -0.071013     0.578791
-11036.815    -0.074404     0.578745
-11334.473    -0.074466     0.578757
-11632.545    -0.074382     0.578810
-11929.532    -0.074399     0.578876
-12227.736    -0.074506     0.578884
-12525.578    -0.074412     0.578866
-12823.032    -0.074415     0.578917
-13120.894    -0.074838     0.578855
-13421.740    -0.045103     0.578569
-13481.720     0.012963     0.574988
-13318.035     0.040349     0.575348
-13158.930     0.039626     0.575507
-13001.029     0.039029     0.575353
-12846.699     0.158977     0.571931
-11729.210     0.301374     0.533353
-10435.704     0.211600     0.465664
-10036.414     0.099827     0.462159
 -9637.087     0.230098     0.465925
 -8195.629     0.446051     0.502357
 -6068.680     0.767158     0.564971
 -2058.363     1.002792     0.572792
  1953.654     0.804261     0.574826
  4375.729     0.390028     0.479374
  5073.875     0.125044     0.459464
  5376.078     0.076205     0.459173
  5683.513     0.076905     0.459131
  5991.316     0.076800     0.459186
  6297.911     0.079020     0.459167
  6623.477     0.090040     0.461801
  7018.233     0.098749     0.461962
  7413.467     0.099202     0.461908
  7811.852     0.066933     0.462228
  7948.934     0.091018     0.435286
  8539.993     0.252639     0.341420
  9970.044     0.337661     0.273994
 11241.278     0.121708     0.190841
 10943.707    -0.125352     0.088181
 10238.463    -0.175803     0.089023
  9537.283    -0.175290     0.088937
  8836.141    -0.175360     0.088790
  8134.404    -0.175401     0.088658
  7432.931    -0.175482     0.088996
  6730.551    -0.176861     0.088736
  6018.041    -0.239541     0.090111
  4814.220    -0.307022     0.092339
  3561.861    -0.313064     0.092228
  2309.705    -0.312983     0.092394
  1057.994    -0.312961     0.092377
  -193.980    -0.312966     0.092243
 -1445.732    -0.312952     0.092583
 -2697.599    -0.312846     0.092420
 -3948.500    -0.363010     0.092923
 -5601.680    -0.432354     0.095875
 -7407.333    -0.451579     0.095751
 -9214.309    -0.452213     0.094948
-11025.038    -0.397980     0.094896
-12398.145    -0.246682     0.087230
-12998.498    -0.152115     0.088159
-13615.066    -0.171922     0.088030
-14373.874    -0.191100     0.089257
-15143.863    -0.191968     0.089222
-15909.620    -0.297383     0.088753
-17522.926    -0.681071     0.227060
-21358.186     0.576527     0.294958
-12910.708     1.055935    -0.000000
-12910.708     0.000000    -0.000000
-12910.708     0.000000    -0.000000
-12910.708     0.000000    -0.000000
-12910.708     0.000000    -0.000000
-12910.708     0.000000    -0.000000
-12910.708     0.000000    -0.000000
-12910.708     0.000000    -0.000000
-12910.708     0.000000    -0.000000
-12910.708     0.000000    -0.000000
-12910.708     0.000000    -0.000000
-12910.708     0.000000    -0.000000
-12910.708     0.000000    -0.000000
-12910.708     0.000000    -0.000000
-12910.708     0.000000    -0.000000
-12910.708    -0.636922    -0.000000
-18006.087    -0.489397     0.873431
-16825.881     0.253266     0.873668
-15979.956     0.245374     0.835421
-14862.892     0.330734     0.889642
-13334.082     0.313564     0.881043
-12354.381     0.234162     0.861835
-11460.790     0.160864     0.853850
-11067.466     0.087293     0.837143
-10762.443     0.085359     0.842262
-10384.593     0.100264     0.842309
 -9960.333     0.032758     0.841174
-10122.531    -0.035585     0.834519
-10245.011     0.018952     0.840445
 -9970.916     0.054997     0.839765
 -9805.035     0.041764     0.839492
 -9636.802    -0.004493     0.839606
 -9840.979    -0.009705     0.831838
 -9714.446     0.092033     0.841281
 -9104.716     0.048601     0.842948
 -9325.640     0.005683     0.834925
 -9059.251     0.082894     0.841599
 -8662.491     0.051444     0.838525
 -8647.696     0.059052     0.842985
 -8190.071     0.130757     0.845687
 -7601.642     0.146952     0.845768
 -7014.452     0.101402     0.844912
 -6790.430     0.072203     0.839538
 -6436.829     0.114393     0.842802
 -5875.284     0.126447     0.848030
 -5425.252     0.109834     0.840654
 -4996.615     0.084080     0.854137
 -4752.613     0.069561     0.836894
 -4440.130     0.006621     0.845714
 -4699.646    -0.088533     0.830066
 -5148.392     0.034193     0.834594
 -4426.103     0.111279     0.850664
 -4258.160     0.002019     0.835626
 -4409.954    -0.031924     0.839264
 -4513.554    -0.025692     0.839400
 -4615.494    -0.037623     0.839461
 -4814.538    -0.054790     0.839967
 -5053.812    -0.059558     0.839982
 -5291.006    -0.059247     0.839998
 -5527.785    -0.059209     0.840037
 -5764.675    -0.059304     0.839968
 -6002.216    -0.059277     0.840003
 -6238.890    -0.059258     0.840005
 -6476.282    -0.058714     0.840019
 -6708.599    -0.045628     0.839689
 -6841.303    -0.031837     0.839408
 -6963.294    -0.030545     0.839442
 -7085.663    -0.030551     0.839595
 -7207.702    -0.030576     0.839471
 -7330.268    -0.030421     0.839602
 -7451.069    -0.033878     0.839509
 -7601.294    -0.041617     0.839780
 -7784.005    -0.045648     0.839754
 -7966.481    -0.045586     0.839871
 -8148.694    -0.045556     0.839737
 -8330.932    -0.045540     0.839774
 -8513.011    -0.045618     0.839733
 -8695.878    -0.044067     0.839682
 -8865.551    -0.034299     0.839326
 -8970.269    -0.025909     0.839372
 -9072.823    -0.025753     0.839429
 -9176.291    -0.025783     0.839361
 -9279.088    -0.025696     0.839326
 -9381.862    -0.025832     0.839413
 -9485.745    -0.025915     0.839365
 -9589.183    -0.025893     0.839494
 -9692.890    -0.026026     0.839462
 -9797.392    -0.010653     0.839094
 -9778.115     0.007675     0.838610
 -9735.993     0.010361     0.838729
 -9695.229     0.010183     0.838718
 -9654.527     0.010253     0.838789
 -9613.202     0.010175     0.838785
 -9573.128     0.010212     0.838627
 -9531.503     0.010283     0.838707
 -9490.861     0.010240     0.838755
 -9449.581     0.010264     0.838611
 -9408.750     0.009225     0.838578
 -9375.780    -0.011222     0.839416
 -9498.522    -0.032252     0.839430
 -9633.797    -0.033782     0.839440
 -9768.781    -0.033777     0.839562
 -9904.013    -0.033868     0.839454
-10039.725    -0.033997     0.839543
-10175.989    -0.026928     0.839490
-10255.152    -0.009658     0.838922
-10253.254     0.000398     0.838870
-10251.966     0.000341     0.838871
-10250.526     0.000143     0.838848
-10250.819     0.000122     0.839032
-10249.554     0.000327     0.838917
-10248.205    -0.000047     0.838885
-10249.928    -0.001083     0.838872
-10256.871     0.062157     0.839649
 -9752.670     0.385486     0.749754
 -7172.982     0.390092     0.652247
 -6631.932     0.102127     0.573760
 -6355.967     0.055654     0.574400
 -6186.700    -0.015899     0.578776
 -6483.160    -0.073897     0.578761
 -6777.874    -0.073651     0.578817
 -7072.364    -0.073082     0.578831
 -7362.529    -0.069439     0.578508
 -7627.873    -0.066103     0.578504
 -7891.352    -0.065779     0.578539
 -8154.106    -0.066614     0.578600
 -8424.267    -0.070981     0.578801
 -8721.954    -0.074359     0.578859
 -9019.140    -0.074390     0.578778
 -9317.078    -0.074405     0.578898
 -9614.382    -0.074374     0.578760
 -9912.068    -0.074424     0.578871
-10209.775    -0.074457     0.578877
-10507.724    -0.074468     0.578823
-10805.521    -0.074931     0.578892
-11107.170    -0.046934     0.578695
-11180.989     0.011229     0.575218
-11017.337     0.040446     0.575275
-10857.418     0.039808     0.575318
-10698.869     0.038669     0.575482
-10548.065     0.135739     0.575205
 -9612.954     0.245453     0.527493
 -8584.444     0.178204     0.462040
 -8187.324     0.103332     0.462154
 -7757.789     0.250194     0.472257
 -6185.768     0.496742     0.502220
 -3783.852     0.802282     0.572808
   232.484     1.004637     0.572896
  4253.242     0.757159     0.574291
  6289.754     0.332112     0.478689
  6910.138     0.115455     0.459055
  7213.391     0.076285     0.459220
  7520.419     0.076793     0.459266
  7827.735     0.076843     0.459166
  8135.160     0.080268     0.459238
  8469.875     0.091288     0.461804
  8865.467     0.098895     0.461906
  9261.039     0.099309     0.461942
  9659.939     0.060331     0.461283
  9743.690     0.034436     0.449544
  9935.430     0.157818     0.348465
 11006.236     0.249074     0.248886
 11928.022     0.036171     0.139319
 11295.606    -0.166988     0.087983
 10592.118    -0.175617     0.088455
  9890.672    -0.175358     0.088303
  9189.255    -0.175437     0.088137
  8487.177    -0.175368     0.088167
  7786.308    -0.175406     0.088128
  7083.933    -0.176565     0.088386
  6373.789    -0.237887     0.089225
  5180.837    -0.305728     0.091640
  3927.967    -0.312999     0.091603
  2676.841    -0.312920     0.091430
  1424.608    -0.313000     0.091413
   172.843    -0.312965     0.091437
 -1079.115    -0.312974     0.091506
 -2330.949    -0.312754     0.091601
 -3581.144    -0.361294     0.091822
 -5221.301    -0.430874     0.094940
 -7028.133    -0.452067     0.094561
 -8837.840    -0.452153     0.094453
-10645.358    -0.401135     0.094960
-12046.917    -0.250326     0.087876
-12647.962    -0.151954     0.087433
-13262.549    -0.171380     0.088116
-14019.001    -0.190800     0.088726
-14788.951    -0.192264     0.088790
-15557.114    -0.238294     0.088342
-16695.301    -0.577222     0.183691
-20174.889     0.473074     0.295676
-12910.708     0.908023    -0.000000
-12910.708     0.000000    -0.000000
-12910.708     0.000000    -0.000000
-12910.708     0.000000    -0.000000
-12910.708     0.000000    -0.000000
-12910.708     0.000000    -0.000000
-12910.708     0.000000    -0.000000
-12910.708     0.000000    -0.000000
-12910.708     0.000000    -0.000000
-12910.708     0.000000    -0.000000
-12910.708     0.000000    -0.000000
-12910.708     0.000000    -0.000000
-12910.708     0.000000    -0.000000
-12910.708     0.000000    -0.000000
-12910.708     0.000000    -0.000000
-12910.708    -0.200289    -0.000000
-14513.024    -0.052641     0.873367
-13331.838     0.239404     0.872673
-12597.794     0.253585     0.852815
-11303.157     0.343123     0.891032
 -9852.813     0.299460     0.866487
 -8907.479     0.224397     0.861037
 -8057.639     0.149803     0.844873
 -7709.052     0.082982     0.840338
 -7393.784     0.086705     0.842189
 -7015.410     0.098949     0.842535
 -6602.190     0.028862     0.840097
 -6784.516    -0.034976     0.834598
 -6881.996     0.021449     0.840831
 -6612.921     0.054404     0.839552
 -6446.765     0.041805     0.839460
 -6278.485    -0.008163     0.839393
 -6512.066    -0.008555     0.834171
 -6346.925     0.095832     0.840729
 -5745.410     0.046190     0.838746
 -5977.407     0.006685     0.838394
 -5691.927     0.083829     0.841704
 -5306.775     0.051935     0.838500
 -5276.445     0.062294     0.843195
 -4808.420     0.132265     0.845524
 -4218.321     0.146811     0.845722
 -3633.931     0.098538     0.844659
 -3430.014     0.071003     0.840498
 -3065.909     0.117944     0.843001
 -2486.460     0.125182     0.847084
 -2064.453     0.113336     0.840648
 -1579.776     0.082518     0.850324
 -1404.310     0.065329     0.837038
 -1057.147     0.003070     0.842921
 -1379.748    -0.091795     0.830218
 -1791.505     0.044481     0.839263
 -1023.904     0.109376     0.849221
  -916.498    -0.003550     0.835508
 -1052.302    -0.029879     0.839473
 -1155.529    -0.025656     0.839392
 -1257.549    -0.037380     0.839357
 -1454.568    -0.054456     0.840100
 -1693.196    -0.059460     0.840150
 -1930.252    -0.059284     0.840153
 -2167.471    -0.059288     0.840063
 -2404.552    -0.059313     0.840182
 -2641.971    -0.059257     0.840098
 -2878.612    -0.059282     0.840088
 -3116.231    -0.058900     0.840108
 -3349.816    -0.045868     0.839851
 -3483.175    -0.031924     0.839555
 -3605.208    -0.030508     0.839537
 -3727.240    -0.030565     0.839483
 -3849.725    -0.030574     0.839514
 -3971.835    -0.030477     0.839510
 -4093.538    -0.033859     0.839480
 -4242.704    -0.041461     0.839820
 -4425.226    -0.045517     0.839750
 -4606.836    -0.045615     0.839841
 -4790.147    -0.045596     0.839661
 -4971.604    -0.045471     0.839725
 -5153.917    -0.045695     0.839896
 -5337.161    -0.044385     0.839837
 -5508.995    -0.034387     0.839374
 -5612.257    -0.025714     0.839494
 -5714.706    -0.025776     0.839398
 -5818.465    -0.025987     0.839404
 -5922.605    -0.025811     0.839378
 -6024.950    -0.025828     0.839346
 -6129.229    -0.025843     0.839418
 -6231.690    -0.025732     0.839367
 -6335.083    -0.026107     0.839374
 -6440.543    -0.011113     0.839329
 -6423.986     0.007388     0.838759
 -6381.440     0.010427     0.838639
 -6340.573     0.010317     0.838741
 -6298.901     0.010247     0.838701
 -6258.594     0.010060     0.838643
 -6218.424     0.010188     0.838757
 -6177.091     0.010247     0.838608
 -6136.448     0.010204     0.838557
 -6095.459     0.010268     0.838530
 -6054.307     0.009889     0.838689
 -6016.347    -0.010811     0.839158
 -6140.792    -0.032518     0.839572
 -6276.494    -0.033705     0.839531
 -6410.433    -0.033735     0.839524
 -6546.374    -0.033820     0.839541
 -6680.992    -0.033919     0.839587
 -6817.724    -0.027294     0.839444
 -6899.347    -0.009962     0.838828
 -6897.417     0.000341     0.838847
 -6896.622     0.000217     0.838748
 -6895.684     0.000279     0.838788
 -6894.394     0.000192     0.838926
 -6894.146     0.000190     0.838794
 -6892.875     0.000110     0.838662
 -6893.267    -0.000454     0.838994
 -6896.506     0.018936     0.839749
 -6741.779     0.279593     0.776147
 -4659.764     0.300785     0.607833
 -4335.498     0.075144     0.574079
 -4058.611     0.057904     0.574304
 -3872.263    -0.013578     0.578062
 -4167.236    -0.073851     0.578845
 -4463.071    -0.073764     0.578828
 -4757.349    -0.073178     0.578772
 -5048.492    -0.069512     0.578654
 -5313.445    -0.066088     0.578591
 -5577.196    -0.065808     0.578575
 -5839.911    -0.066454     0.578497
 -6108.832    -0.070754     0.578782
 -6405.940    -0.074427     0.578768
 -6704.246    -0.074427     0.578692
 -7001.358    -0.074401     0.578764
 -7299.453    -0.074426     0.578750
 -7596.768    -0.074389     0.578762
 -7894.564    -0.074461     0.578804
 -8192.452    -0.074400     0.578780
 -8489.760    -0.074966     0.578856
 -8792.178    -0.048777     0.578806
 -8879.976     0.009542     0.575263
 -8715.838     0.040449     0.575310
 -8556.384     0.039834     0.575177
 -8397.170     0.038916     0.575489
 -8245.059     0.110988     0.575880
 -7509.270     0.188209     0.523203
 -6739.385     0.146261     0.461472
 -6339.186     0.110044     0.462160
 -5859.034     0.270165     0.484839
 -4177.866     0.546602     0.502484
 -1486.214     0.837834     0.573714
  2524.802     1.004274     0.572791
  6547.981     0.710055     0.569314
  8205.243     0.274792     0.478825
  8746.313     0.105574     0.459051
  9049.839     0.076416     0.459236
  9357.641     0.076851     0.459333
  9664.644     0.076772     0.459315
  9971.817     0.081659     0.459324
 10317.912     0.092708     0.462042
 10713.481     0.098886     0.461999
 11109.000     0.098580     0.462038
 11502.119     0.054536     0.459344
 11545.286    -0.021800     0.450020
 11327.716     0.051981     0.372258
 11961.134     0.128514     0.234437
 12355.826    -0.039196     0.097075
 11647.567    -0.176216     0.088101
 10946.100    -0.175482     0.088241
 10243.707    -0.175608     0.088031
  9541.236    -0.175496     0.087906
  8839.739    -0.175410     0.087977
  8137.958    -0.175263     0.087857
  7437.636    -0.175765     0.088191
  6731.838    -0.236287     0.088843
  5547.338    -0.304644     0.091515
  4294.687    -0.313275     0.091425
  3041.142    -0.313173     0.090997
  1789.300    -0.312953     0.090998
   537.515    -0.312873     0.090982
  -713.686    -0.312788     0.091009
 -1964.793    -0.312529     0.091360
 -3213.920    -0.359671     0.091482
 -4842.157    -0.429616     0.094856
 -6650.846    -0.452066     0.094387
 -8458.684    -0.451814     0.095099
-10265.362    -0.404557     0.095274
-11695.140    -0.254209     0.087828
-12299.035    -0.151875     0.087540
-12910.140    -0.170629     0.088200
-13664.068    -0.190425     0.088688
-14433.544    -0.192352     0.088581
-15202.887    -0.202481     0.088626
-16053.394    -0.473737     0.134559
-18992.781     0.392836     0.295542
-12910.708     0.760259    -0.000000
-12910.708     0.000000    -0.000000
-12910.708     0.000000    -0.000000
-12910.708     0.000000    -0.000000
-12910.708     0.000000    -0.000000
-12910.708     0.000000    -0.000000
-12910.708     0.000000    -0.000000
-12910.708     0.000000    -0.000000
-12910.708     0.000000    -0.000000
-12910.708     0.000000    -0.000000
-12910.708     0.000000    -0.000000
-12910.708     0.000000    -0.000000
-12910.708     0.000000    -0.000000
-12910.708     0.000000    -0.000000
-12910.708     0.000000    -0.000000
-12910.708     0.236444    -0.000000
-11019.155     0.383277     0.873207
 -9844.494     0.232715     0.868781
 -9157.435     0.263732     0.869609
 -7734.639     0.344406     0.894065
 -6402.186     0.283569     0.861821
 -5466.085     0.212547     0.859002
 -4701.810     0.140165     0.836560
 -4344.764     0.084610     0.841213
 -4024.930     0.087557     0.842310
 -3644.312     0.098172     0.842737
 -3239.556     0.024820     0.839000
 -3445.750    -0.034851     0.834677
 -3518.367     0.023906     0.840976
 -3254.498     0.053626     0.839515
 -3089.359     0.041605     0.839410
 -2921.660    -0.009781     0.839046
 -3167.611    -0.008369     0.837624
 -2988.613     0.096608     0.839239
 -2394.750     0.046266     0.836912
 -2618.487     0.008642     0.839083
 -2325.618     0.082999     0.841678
 -1954.494     0.052935     0.835755
 -1902.136     0.066077     0.844052
 -1425.879     0.133284     0.845665
  -835.862     0.146087     0.845795
  -257.181     0.096177     0.842461
   -66.446     0.070545     0.840889
   307.181     0.120979     0.843230
   901.385     0.124093     0.845088
  1299.929     0.113074     0.840260
  1805.980     0.080470     0.847701
  1943.689     0.062157     0.837014
  2303.238    -0.000199     0.838830
  1942.095    -0.092191     0.830271
  1565.709     0.053196     0.839423
  2367.662     0.107524     0.848645
  2425.901    -0.007729     0.835231
  2305.834    -0.028039     0.839496
  2201.586    -0.025809     0.839450
  2099.361    -0.036916     0.839308
  1906.259    -0.053996     0.840005
  1667.390    -0.059505     0.840118
  1430.217    -0.059334     0.840058
  1192.721    -0.059179     0.840069
   956.783    -0.059269     0.840164
   718.565    -0.059372     0.840141
   481.811    -0.059247     0.839946
   244.585    -0.058950     0.840009
    10.211    -0.046181     0.839652
  -124.864    -0.032151     0.839460
  -246.998    -0.030616     0.839601
  -369.795    -0.030574     0.839466
  -491.592    -0.030550     0.839490
  -614.192    -0.030455     0.839463
  -735.228    -0.033568     0.839470
  -882.734    -0.041347     0.839788
 -1066.002    -0.045627     0.839831
 -1247.754    -0.045675     0.839724
 -1431.405    -0.045672     0.839883
 -1613.134    -0.045305     0.839810
 -1793.841    -0.045506     0.839837
 -1977.180    -0.044590     0.839924
 -2150.559    -0.034643     0.839610
 -2254.320    -0.025885     0.839338
 -2357.641    -0.025842     0.839325
 -2461.056    -0.025803     0.839269
 -2564.062    -0.025755     0.839495
 -2667.095    -0.025792     0.839336
 -2770.399    -0.025894     0.839325
 -2874.244    -0.025937     0.839389
 -2977.896    -0.026065     0.839290
 -3082.760    -0.011268     0.839426
 -3068.040     0.006985     0.838761
 -3026.882     0.010343     0.838602
 -2985.299     0.010245     0.838726
 -2944.922     0.010155     0.838621
 -2904.059     0.010231     0.838721
 -2863.076     0.010178     0.838776
 -2822.638     0.010084     0.838706
 -2782.405     0.010162     0.838754
 -2741.340     0.010396     0.838647
 -2699.234     0.009853     0.838729
 -2662.515    -0.010339     0.839021
 -2781.947    -0.031879     0.839597
 -2917.546    -0.033830     0.839679
 -3052.587    -0.033768     0.839506
 -3187.689    -0.033805     0.839711
 -3323.027    -0.034094     0.839526
 -3460.438    -0.027688     0.839539
 -3544.530    -0.010255     0.838799
 -3542.480     0.000319     0.838865
 -3541.981     0.000283     0.838901
 -3540.219     0.000321     0.838874
 -3539.415     0.000127     0.838835
 -3539.206     0.000063     0.838839
 -3538.908     0.000154     0.838821
 -3537.976     0.000004     0.838923
 -3538.878    -0.000689     0.839425
 -3543.492     0.153570     0.819785
 -2310.322     0.188024     0.580155
 -2039.296     0.068598     0.573935
 -1761.535     0.059637     0.574164
 -1562.200    -0.011358     0.578214
 -1852.396    -0.073131     0.578783
 -2147.247    -0.073724     0.578885
 -2442.190    -0.073256     0.578859
 -2733.298    -0.069620     0.578676
 -2999.147    -0.066181     0.578614
 -3262.750    -0.065873     0.578633
 -3526.130    -0.066407     0.578532
 -3794.007    -0.070710     0.578625
 -4091.808    -0.074450     0.578695
 -4389.605    -0.074394     0.578732
 -4686.962    -0.074347     0.578751
 -4984.383    -0.074376     0.578749
 -5281.970    -0.074370     0.578689
 -5579.345    -0.074440     0.578706
 -5877.486    -0.074416     0.578672
 -6174.673    -0.074904     0.578678
 -6476.720    -0.050527     0.579078
 -6578.888     0.007733     0.575555
 -6414.855     0.040360     0.575155
 -6256.004     0.039987     0.575261
 -6094.955     0.039372     0.575323
 -5941.025     0.083453     0.576001
 -5427.334     0.131044     0.508151
 -4892.671     0.117162     0.462060
 -4490.041     0.126699     0.462281
 -3879.075     0.290518     0.498044
 -2165.895     0.585617     0.503405
   805.859     0.872589     0.573437
  4814.814     1.000237     0.572437
  8807.757     0.663193     0.556602
 10120.354     0.221849     0.477615
 10582.548     0.095866     0.459042
 10887.283     0.076567     0.459575
 11195.087     0.076871     0.459552
 11502.251     0.076833     0.459493
 11809.753     0.082995     0.459349
 12166.210     0.093963     0.462071
 12561.458     0.098892     0.462054
 12957.347     0.096654     0.462108
 13334.688     0.048313     0.456526
 13343.853    -0.052650     0.448999
 12913.490    -0.057765     0.410422
 12881.736    -0.026108     0.225226
 12704.623    -0.110165     0.087640
 12000.417    -0.175822     0.088290
 11298.044    -0.175687     0.088371
 10594.923    -0.175693     0.088348
  9892.500    -0.175492     0.088505
  9190.990    -0.175417     0.088785
  8489.165    -0.175191     0.088572
  7789.460    -0.175579     0.088308
  7084.531    -0.234563     0.088975
  5912.957    -0.303146     0.091707
  4659.366    -0.313517     0.091957
  3404.818    -0.313346     0.092069
  2152.595    -0.313015     0.091829
   900.696    -0.312955     0.092017
  -351.041    -0.312596     0.091846
 -1600.068    -0.312281     0.091686
 -2849.290    -0.357798     0.091415
 -4462.453    -0.427969     0.095217
 -6273.040    -0.451824     0.095409
 -8077.049    -0.451266     0.095669
 -9883.169    -0.408405     0.096198
-11344.292    -0.258059     0.089083
-11947.644    -0.151582     0.088461
-12556.951    -0.170232     0.088472
-13309.496    -0.190419     0.088667
-14080.300    -0.192326     0.088704
-14848.105    -0.192316     0.088468
-15618.829    -0.370306     0.099178
-17810.550     0.338515     0.295926
-12910.708     0.612480    -0.000000
-12910.708     0.000000    -0.000000
-12910.708     0.000000    -0.000000
-12910.708     0.000000    -0.000000
-12910.708     0.000000    -0.000000
-12910.708     0.000000    -0.000000
-12910.708     0.000000    -0.000000
-12910.708     0.000000    -0.000000
-12910.708     0.000000    -0.000000
-12910.708     0.000000    -0.000000
-12910.708     0.000000    -0.000000
-12910.708     0.000000    -0.000000
-12910.708     0.000000    -0.000000
-12910.708     0.000000    -0.000000
-12910.708     0.000000    -0.000000
-12910.708     0.672917    -0.000000
 -7527.371     0.816140     0.872946
 -6381.589     0.235806     0.865726
 -5640.920     0.278869     0.879129
 -4150.635     0.335335     0.896001
 -2958.242     0.264396     0.860986
 -2035.466     0.199136     0.857655
 -1365.156     0.132015     0.834163
  -979.348     0.088732     0.841354
  -655.303     0.088229     0.842407
  -273.513     0.095639     0.842700
   109.810     0.020802     0.837342
  -107.097    -0.033000     0.834663
  -154.186     0.026287     0.841045
   103.203     0.052838     0.839425
   268.515     0.041335     0.839468
   433.879    -0.009948     0.838885
   188.929    -0.008362     0.839135
   366.984     0.095120     0.838899
   949.890     0.046034     0.836160
   735.257     0.011451     0.838436
  1041.500     0.080501     0.841779
  1379.267     0.054309     0.833440
  1475.971     0.072204     0.844527
  1956.901     0.134008     0.845695
  2548.035     0.143607     0.845974
  3105.757     0.093633     0.840734
  3297.100     0.071771     0.840887
  3679.928     0.122143     0.843187
  4274.245     0.122212     0.843215
  4657.628     0.115949     0.839425
  5201.834     0.079272     0.848963
  5291.803     0.056457     0.837029
  5653.489    -0.003673     0.837563
  5262.420    -0.091201     0.830081
  4923.879     0.062854     0.839542
  5765.253     0.105184     0.849398
  5765.348    -0.012698     0.834862
  5663.667    -0.025660     0.839458
  5560.068    -0.025844     0.839621
  5456.912    -0.036824     0.839388
  5265.475    -0.053646     0.839804
  5027.746    -0.059408     0.840089
  4790.211    -0.059333     0.839998
  4553.082    -0.059181     0.840090
  4316.762    -0.059240     0.839995
  4079.158    -0.059475     0.840148
  3840.958    -0.059415     0.839787
  3603.838    -0.059195     0.839813
  3367.401    -0.046417     0.839298
  3232.501    -0.031975     0.839341
  3111.602    -0.030501     0.839650
  2988.491    -0.030675     0.839572
  2866.198    -0.030578     0.839448
  2743.868    -0.030497     0.839515
  2622.223    -0.033533     0.839363
  2475.603    -0.041100     0.839584
  2293.423    -0.045581     0.839856
  2110.959    -0.045563     0.839678
  1928.919    -0.045510     0.840081
  1746.879    -0.045517     0.840003
  1564.780    -0.045581     0.839655
  1382.235    -0.044612     0.839854
  1207.882    -0.034974     0.839610
  1102.444    -0.025999     0.839191
   999.892    -0.025845     0.839383
   895.684    -0.025817     0.839185
   793.357    -0.025743     0.839355
   689.739    -0.025998     0.839209
   585.373    -0.025789     0.838943
   483.424    -0.025767     0.839417
   379.237    -0.026070     0.839283
   274.865    -0.011642     0.839406
   286.100     0.006564     0.838535
   327.379     0.010392     0.838565
   369.235     0.010336     0.838633
   410.064     0.010242     0.838747
   451.171     0.010215     0.838808
   491.785     0.010174     0.838715
   532.560     0.010225     0.838799
   573.588     0.010145     0.838998
   613.716     0.010242     0.838764
   655.524     0.010263     0.838689
   695.821    -0.009942     0.839584
   575.986    -0.031860     0.839483
   440.939    -0.033797     0.839621
   305.614    -0.033703     0.839550
   171.313    -0.033800     0.839750
    35.214    -0.034091     0.839560
  -101.413    -0.028021     0.839756
  -188.955    -0.010635     0.838894
  -186.494     0.000442     0.838996
  -185.416     0.000226     0.839141
  -184.689     0.000213     0.838882
  -183.712     0.000157     0.838926
  -183.437     0.000175     0.838942
  -182.310     0.000194     0.839149
  -181.882     0.000150     0.839024
  -181.109    -0.000202     0.839442
  -183.496     0.020323     0.839999
   -18.522     0.054934     0.572950
   255.979     0.069153     0.573819
   534.700     0.062183     0.574059
   753.446    -0.008959     0.578912
   463.029    -0.073179     0.578856
   168.013    -0.073689     0.578815
  -126.480    -0.073387     0.578928
  -419.085    -0.069756     0.578553
  -684.531    -0.066131     0.578654
  -948.133    -0.065890     0.578654
 -1211.655    -0.066462     0.578619
 -1479.830    -0.070590     0.578544
 -1776.378    -0.074320     0.578857
 -2074.387    -0.074372     0.578805
 -2371.351    -0.074384     0.578903
 -2669.457    -0.074488     0.578732
 -2967.254    -0.074432     0.578679
 -3264.915    -0.074478     0.578608
 -3563.075    -0.074427     0.578603
 -3860.334    -0.074560     0.578585
 -4159.557    -0.051900     0.579291
 -4275.536     0.005620     0.575838
 -4114.599     0.040155     0.575064
 -3954.294     0.040001     0.575428
 -3794.588     0.039655     0.575092
 -3637.051     0.043815     0.575993
 -3444.065     0.074268     0.495817
 -3042.905     0.100390     0.462441
 -2640.941     0.146028     0.462275
 -1874.682     0.311289     0.501098
  -150.628     0.621996     0.503817
  3101.282     0.906866     0.573856
  7104.300     0.987439     0.572372
 11000.794     0.615233     0.548259
 12026.164     0.177232     0.476453
 12418.652     0.087534     0.459026
 12726.439     0.076925     0.459789
 13034.053     0.076768     0.459742
 13340.587     0.076570     0.459584
 13646.612     0.084237     0.459215
 14014.484     0.095413     0.462069
 14409.915     0.098922     0.462114
 14805.861     0.093051     0.462128
 15154.324     0.041427     0.454909
 15137.275    -0.067904     0.448356
 14611.091    -0.171792     0.424400
 13762.940    -0.194268     0.220301
 13056.943    -0.176131     0.088080
 12353.890    -0.175484     0.088368
 11653.070    -0.175425     0.088757
 10950.492    -0.175474     0.088892
 10249.277    -0.175059     0.089194
  9550.022    -0.175343     0.089758
  8846.530    -0.175740     0.089341
  8144.103    -0.175361     0.088661
  7443.639    -0.232889     0.089777
  6280.992    -0.301662     0.092009
  5030.340    -0.312912     0.092743
  3777.696    -0.313301     0.093220
  2523.931    -0.313006     0.092834
  1273.650    -0.312856     0.093238
    21.083    -0.313120     0.093031
 -1231.306    -0.312960     0.092191
 -2482.601    -0.356139     0.091672
 -4080.420    -0.425622     0.095508
 -5887.578    -0.451614     0.096366
 -7693.335    -0.451025     0.095929
 -9495.778    -0.411143     0.096848
-10982.476    -0.261946     0.090454
-11591.350    -0.152486     0.089073
-12202.367    -0.170423     0.088646
-12954.734    -0.190193     0.088690
-13723.910    -0.192551     0.089097
-14495.139    -0.192008     0.088241
-15259.972    -0.266279     0.089714
-16625.372     0.293658     0.296294
-12910.708     0.464333    -0.000000
-12910.708     0.000000    -0.000000
-12910.708     0.000000    -0.000000
-12910.708     0.000000    -0.000000
-12910.708     0.000000    -0.000000
-12910.708     0.000000    -0.000000
-12910.708     0.000000    -0.000000
-12910.708     0.000000    -0.000000
